Timestamp,Machine,Throughput (BPM),Pressure_PV,Temperature_PV
2025-05-07T00:00:00-04:00,Filler_1,300,66,39
2025-05-07T00:01:00-04:00,Filler_1,705,65.7,39.3
2025-05-07T00:02:00-04:00,Filler_1,705,65.3,39.6
2025-05-07T00:03:00-04:00,Filler_1,705,66.1,40
2025-05-07T00:04:00-04:00,Filler_1,705,65.9,40.1
2025-05-07T00:05:00-04:00,Filler_1,705,65.3,40.5
2025-05-07T00:06:00-04:00,Filler_1,705,64.4,40.7
2025-05-07T00:07:00-04:00,Filler_1,705,65.5,39.9
2025-05-07T00:08:00-04:00,Filler_1,705,65.4,39.5
2025-05-07T00:09:00-04:00,Filler_1,705,62,39.2
2025-05-07T00:10:00-04:00,Filler_1,705,62,39
2025-05-07T00:11:00-04:00,Filler_1,705,61.7,38.7
2025-05-07T00:12:00-04:00,Filler_1,705,61.4,38.5
2025-05-07T00:13:00-04:00,Filler_1,705,60.9,38.5
2025-05-07T00:14:00-04:00,Filler_1,705,65.4,38.5
2025-05-07T00:15:00-04:00,Filler_1,705,65.9,38.6
2025-05-07T00:16:00-04:00,Filler_1,705,64.1,38.7
2025-05-07T00:17:00-04:00,Filler_1,705,65.4,38.8
2025-05-07T00:18:00-04:00,Filler_1,705,63.8,38.9
2025-05-07T00:19:00-04:00,Filler_1,705,69.8,38.8
2025-05-07T00:20:00-04:00,Filler_1,705,69,38.5
2025-05-07T00:21:00-04:00,Filler_1,705,69.6,38.5
2025-05-07T00:22:00-04:00,Filler_1,705,69,38.5
2025-05-07T00:23:00-04:00,Filler_1,705,68.7,38.3
2025-05-07T00:24:00-04:00,Filler_1,705,69,38.5
2025-05-07T00:25:00-04:00,Filler_1,705,69.2,38.5
2025-05-07T00:26:00-04:00,Filler_1,705,68.7,38.5
2025-05-07T00:27:00-04:00,Filler_1,705,68.3,38.4
2025-05-07T00:28:00-04:00,Filler_1,705,69.3,38.6
2025-05-07T00:29:00-04:00,Filler_1,705,69.9,38.4
2025-05-07T00:30:00-04:00,Filler_1,705,69.8,38.4
2025-05-07T00:31:00-04:00,Filler_1,705,69.5,38.4
2025-05-07T00:32:00-04:00,Filler_1,705,69,38.3
2025-05-07T00:33:00-04:00,Filler_1,705,68.6,38.5
2025-05-07T00:34:00-04:00,Filler_1,705,68.2,38.5
2025-05-07T00:35:00-04:00,Filler_1,705,68.1,38.3
2025-05-07T00:36:00-04:00,Filler_1,705,67.9,38.4
2025-05-07T00:37:00-04:00,Filler_1,705,72.2,38.4
2025-05-07T00:38:00-04:00,Filler_1,705,74.7,38.3
2025-05-07T00:39:00-04:00,Filler_1,705,67.2,38.4
2025-05-07T00:40:00-04:00,Filler_1,705,71,38.6
2025-05-07T00:41:00-04:00,Filler_1,705,70.3,38.6
2025-05-07T00:42:00-04:00,Filler_1,705,69.9,38.6
2025-05-07T00:43:00-04:00,Filler_1,705,69.5,38.5
2025-05-07T00:44:00-04:00,Filler_1,705,69,38.5
2025-05-07T00:45:00-04:00,Filler_1,705,68.7,38.5
2025-05-07T00:46:00-04:00,Filler_1,705,68.5,38.3
2025-05-07T00:47:00-04:00,Filler_1,705,70.5,38.5
2025-05-07T00:48:00-04:00,Filler_1,705,76.8,38.7
2025-05-07T00:49:00-04:00,Filler_1,705,73.7,39
2025-05-07T00:50:00-04:00,Filler_1,705,74.1,38.7
2025-05-07T00:51:00-04:00,Filler_1,705,77.8,39
2025-05-07T00:52:00-04:00,Filler_1,705,73.5,39
2025-05-07T00:53:00-04:00,Filler_1,705,72.4,38.9
2025-05-07T00:54:00-04:00,Filler_1,705,71.5,38.9
2025-05-07T00:55:00-04:00,Filler_1,705,70.9,38.7
2025-05-07T00:56:00-04:00,Filler_1,705,70.5,38.6
2025-05-07T00:57:00-04:00,Filler_1,705,70,38.5
2025-05-07T00:58:00-04:00,Filler_1,705,69.6,38.6
2025-05-07T00:59:00-04:00,Filler_1,705,69.3,38.5
2025-05-07T01:00:00-04:00,Filler_1,705,69.4,38.5
2025-05-07T01:01:00-04:00,Filler_1,705,68.9,38.5
2025-05-07T01:02:00-04:00,Filler_1,705,68.7,38.3
2025-05-07T01:03:00-04:00,Filler_1,705,68.5,38.5
2025-05-07T01:04:00-04:00,Filler_1,705,68.3,38.4
2025-05-07T01:05:00-04:00,Filler_1,705,68.5,38.6
2025-05-07T01:06:00-04:00,Filler_1,705,70.5,38.7
2025-05-07T01:07:00-04:00,Filler_1,705,69.3,38.6
2025-05-07T01:08:00-04:00,Filler_1,705,72.3,38.7
2025-05-07T01:09:00-04:00,Filler_1,705,75.8,38.8
2025-05-07T01:10:00-04:00,Filler_1,705,75.8,39
2025-05-07T01:11:00-04:00,Filler_1,705,75.4,39.3
2025-05-07T01:12:00-04:00,Filler_1,705,76,39.6
2025-05-07T01:13:00-04:00,Filler_1,705,75.5,39.9
2025-05-07T01:14:00-04:00,Filler_1,705,76.2,40.1
2025-05-07T01:15:00-04:00,Filler_1,705,78.7,40.3
2025-05-07T01:16:00-04:00,Filler_1,705,76.6,40.7
2025-05-07T01:17:00-04:00,Filler_1,705,76.1,40.9
2025-05-07T01:18:00-04:00,Filler_1,705,75.8,41
2025-05-07T01:19:00-04:00,Filler_1,705,76.7,41.3
2025-05-07T01:20:00-04:00,Filler_1,705,76.1,41.5
2025-05-07T01:21:00-04:00,Filler_1,705,76,41.9
2025-05-07T01:22:00-04:00,Filler_1,705,75.2,42.5
2025-05-07T01:23:00-04:00,Filler_1,705,75.8,40.1
2025-05-07T01:24:00-04:00,Filler_1,705,76.4,39.8
2025-05-07T01:25:00-04:00,Filler_1,705,69.9,39.5
2025-05-07T01:26:00-04:00,Filler_1,705,70.7,39.2
2025-05-07T01:27:00-04:00,Filler_1,705,70.6,38.9
2025-05-07T01:28:00-04:00,Filler_1,705,69.8,38.7
2025-05-07T01:29:00-04:00,Filler_1,705,69.5,38.5
2025-05-07T01:30:00-04:00,Filler_1,705,69,38.5
2025-05-07T01:31:00-04:00,Filler_1,705,68.7,38.5
2025-05-07T01:32:00-04:00,Filler_1,705,68.6,38.3
2025-05-07T01:33:00-04:00,Filler_1,705,72.1,38.5
2025-05-07T01:34:00-04:00,Filler_1,705,71.8,38.6
2025-05-07T01:35:00-04:00,Filler_1,705,73.5,38.5
2025-05-07T01:36:00-04:00,Filler_1,705,69.5,38.7
2025-05-07T01:37:00-04:00,Filler_1,705,69.3,38.7
2025-05-07T01:38:00-04:00,Filler_1,705,69,38.6
2025-05-07T01:39:00-04:00,Filler_1,705,68.7,38.6
2025-05-07T01:40:00-04:00,Filler_1,705,68.3,38.7
2025-05-07T01:41:00-04:00,Filler_1,705,68.2,38.5
2025-05-07T01:42:00-04:00,Filler_1,705,67.9,38.5
2025-05-07T01:43:00-04:00,Filler_1,705,68,38.4
2025-05-07T01:44:00-04:00,Filler_1,705,67.9,38.3
2025-05-07T01:45:00-04:00,Filler_1,705,67.6,38.4
2025-05-07T01:46:00-04:00,Filler_1,705,69,38.4
2025-05-07T01:47:00-04:00,Filler_1,705,68.6,38.4
2025-05-07T01:48:00-04:00,Filler_1,705,68,38.4
2025-05-07T01:49:00-04:00,Filler_1,705,68.2,38.3
2025-05-07T01:50:00-04:00,Filler_1,705,67.9,38.3
2025-05-07T01:51:00-04:00,Filler_1,705,67.9,38.5
2025-05-07T01:52:00-04:00,Filler_1,705,75.8,38.6
2025-05-07T01:53:00-04:00,Filler_1,705,68.8,38.6
2025-05-07T01:54:00-04:00,Filler_1,705,68.5,38.6
2025-05-07T01:55:00-04:00,Filler_1,705,68.2,38.6
2025-05-07T01:56:00-04:00,Filler_1,705,67.9,38.5
2025-05-07T01:57:00-04:00,Filler_1,705,67.4,38.3
2025-05-07T01:58:00-04:00,Filler_1,705,77.6,38.4
2025-05-07T01:59:00-04:00,Filler_1,705,73,38.5
2025-05-07T02:00:00-04:00,Filler_1,705,70.5,38.6
2025-05-07T02:01:00-04:00,Filler_1,705,70,38.6
2025-05-07T02:02:00-04:00,Filler_1,705,69.6,38.6
2025-05-07T02:03:00-04:00,Filler_1,705,69,38.5
2025-05-07T02:04:00-04:00,Filler_1,705,69,38.5
2025-05-07T02:05:00-04:00,Filler_1,705,68.7,38.3
2025-05-07T02:06:00-04:00,Filler_1,705,75.9,38.6
2025-05-07T02:07:00-04:00,Filler_1,705,70.5,38.5
2025-05-07T02:08:00-04:00,Filler_1,705,70.5,38.6
2025-05-07T02:09:00-04:00,Filler_1,705,69.8,38.6
2025-05-07T02:10:00-04:00,Filler_1,705,69.3,38.5
2025-05-07T02:11:00-04:00,Filler_1,705,73.7,38.6
2025-05-07T02:12:00-04:00,Filler_1,705,75.1,38.8
2025-05-07T02:13:00-04:00,Filler_1,705,71.1,38.5
2025-05-07T02:14:00-04:00,Filler_1,705,73.1,38.9
2025-05-07T02:15:00-04:00,Filler_1,705,74.5,39
2025-05-07T02:16:00-04:00,Filler_1,705,75.5,39
2025-05-07T02:18:00-04:00,Filler_1,705,75.1,39.1
2025-05-07T02:19:00-04:00,Filler_1,705,75.3,39
2025-05-07T02:20:00-04:00,Filler_1,705,73.7,39.1
2025-05-07T02:21:00-04:00,Filler_1,705,76,39.2
2025-05-07T02:22:00-04:00,Filler_1,705,70.3,39
2025-05-07T02:23:00-04:00,Filler_1,705,71.2,38.9
2025-05-07T02:24:00-04:00,Filler_1,705,75.2,38.9
2025-05-07T02:25:00-04:00,Filler_1,705,70.8,38.6
2025-05-07T02:26:00-04:00,Filler_1,705,70.5,38.7
2025-05-07T02:27:00-04:00,Filler_1,705,70,38.6
2025-05-07T02:28:00-04:00,Filler_1,705,69.8,38.6
2025-05-07T02:29:00-04:00,Filler_1,705,69.4,38.4
2025-05-07T02:30:00-04:00,Filler_1,705,69,38.4
2025-05-07T02:31:00-04:00,Filler_1,705,68.6,38.5
2025-05-07T02:32:00-04:00,Filler_1,705,68.5,38.3
2025-05-07T02:33:00-04:00,Filler_1,705,68.3,38.3
2025-05-07T02:34:00-04:00,Filler_1,705,68,38.4
2025-05-07T02:35:00-04:00,Filler_1,705,67.9,38.2
2025-05-07T02:36:00-04:00,Filler_1,705,68.9,38.3
2025-05-07T02:37:00-04:00,Filler_1,705,73.2,38.6
2025-05-07T02:38:00-04:00,Filler_1,705,76.7,38.7
2025-05-07T02:39:00-04:00,Filler_1,705,75.5,39.1
2025-05-07T02:40:00-04:00,Filler_1,705,76.3,39.3
2025-05-07T02:41:00-04:00,Filler_1,705,75.4,39.5
2025-05-07T02:42:00-04:00,Filler_1,705,71.3,38.9
2025-05-07T02:43:00-04:00,Filler_1,705,70.2,38.7
2025-05-07T02:44:00-04:00,Filler_1,705,69.9,38.6
2025-05-07T02:45:00-04:00,Filler_1,705,74.6,38.6
2025-05-07T02:46:00-04:00,Filler_1,705,71.2,38.6
2025-05-07T02:47:00-04:00,Filler_1,705,70.8,38.6
2025-05-07T02:48:00-04:00,Filler_1,705,70.3,38.5
2025-05-07T02:49:00-04:00,Filler_1,705,69.9,38.6
2025-05-07T02:50:00-04:00,Filler_1,705,69.8,38.6
2025-05-07T02:51:00-04:00,Filler_1,705,69.2,38.8
2025-05-07T02:52:00-04:00,Filler_1,705,72.4,38.7
2025-05-07T02:53:00-04:00,Filler_1,705,71.8,38.6
2025-05-07T02:54:00-04:00,Filler_1,705,69.7,38.9
2025-05-07T02:55:00-04:00,Filler_1,705,69.3,38.6
2025-05-07T02:56:00-04:00,Filler_1,705,69,38.5
2025-05-07T02:57:00-04:00,Filler_1,300,75.7,38.8
2025-05-07T02:58:00-04:00,Filler_1,0,70.3,38.9
2025-05-07T02:59:00-04:00,Filler_1,0,70.7,38.8
2025-05-07T03:00:00-04:00,Filler_1,0,75.1,39
2025-05-07T03:01:00-04:00,Filler_1,0,25.4,39.8
2025-05-07T03:02:00-04:00,Filler_1,0,7,39.5
2025-05-07T03:03:00-04:00,Filler_1,0,7,38.2
2025-05-07T03:04:00-04:00,Filler_1,0,7,38.5
2025-05-07T03:05:00-04:00,Filler_1,0,7,38.6
2025-05-07T03:06:00-04:00,Filler_1,0,7,38.8
2025-05-07T03:07:00-04:00,Filler_1,0,7,40.2
2025-05-07T03:08:00-04:00,Filler_1,0,7,40.6
2025-05-07T03:09:00-04:00,Filler_1,0,7,41.1
2025-05-07T03:10:00-04:00,Filler_1,0,7,41.3
2025-05-07T03:11:00-04:00,Filler_1,0,7,41.5
2025-05-07T03:12:00-04:00,Filler_1,0,7,41.8
2025-05-07T03:13:00-04:00,Filler_1,0,7,42.2
2025-05-07T03:14:00-04:00,Filler_1,0,22.4,45.4
2025-05-07T03:15:00-04:00,Filler_1,0,29.3,46.1
2025-05-07T03:16:00-04:00,Filler_1,0,62,47.3
2025-05-07T03:17:00-04:00,Filler_1,0,65.1,41
2025-05-07T03:18:00-04:00,Filler_1,0,67.3,41.1
2025-05-07T03:19:00-04:00,Filler_1,0,67.6,41.5
2025-05-07T03:20:00-04:00,Filler_1,0,67,41.5
2025-05-07T03:21:00-04:00,Filler_1,0,66.6,41.6
2025-05-07T03:22:00-04:00,Filler_1,0,66.1,41.8
2025-05-07T03:23:00-04:00,Filler_1,0,65.7,42
2025-05-07T03:24:00-04:00,Filler_1,0,66.1,42.3
2025-05-07T03:25:00-04:00,Filler_1,0,66.6,42.5
2025-05-07T03:26:00-04:00,Filler_1,0,66.2,42.6
2025-05-07T03:27:00-04:00,Filler_1,0,65.9,42.8
2025-05-07T03:28:00-04:00,Filler_1,0,70.2,43.4
2025-05-07T03:29:00-04:00,Filler_1,0,71.2,40.5
2025-05-07T03:30:00-04:00,Filler_1,0,75,40.4
2025-05-07T03:31:00-04:00,Filler_1,0,76.6,40.5
2025-05-07T03:32:00-04:00,Filler_1,0,76,40.7
2025-05-07T03:33:00-04:00,Filler_1,0,73.8,40.5
2025-05-07T03:34:00-04:00,Filler_1,0,71.6,39.7
2025-05-07T03:35:00-04:00,Filler_1,0,73.8,39.4
2025-05-07T03:36:00-04:00,Filler_1,0,76.8,39.6
2025-05-07T03:37:00-04:00,Filler_1,0,76,40
2025-05-07T03:38:00-04:00,Filler_1,321,75.1,40.4
2025-05-07T03:39:00-04:00,Filler_1,705,72.9,39.4
2025-05-07T03:40:00-04:00,Filler_1,705,72.9,39.3
2025-05-07T03:41:00-04:00,Filler_1,705,72.4,39.2
2025-05-07T03:42:00-04:00,Filler_1,705,72.1,39
2025-05-07T03:43:00-04:00,Filler_1,705,71.9,39
2025-05-07T03:44:00-04:00,Filler_1,705,71.6,39.1
2025-05-07T03:45:00-04:00,Filler_1,705,71.2,39
2025-05-07T03:46:00-04:00,Filler_1,705,70.9,38.8
2025-05-07T03:47:00-04:00,Filler_1,705,71.3,38.9
2025-05-07T03:48:00-04:00,Filler_1,705,71.6,39
2025-05-07T03:49:00-04:00,Filler_1,705,71.2,38.9
2025-05-07T03:50:00-04:00,Filler_1,705,70.9,38.9
2025-05-07T03:51:00-04:00,Filler_1,300,76.3,39
2025-05-07T03:52:00-04:00,Filler_1,705,73.3,38.9
2025-05-07T03:53:00-04:00,Filler_1,705,72.6,39
2025-05-07T03:54:00-04:00,Filler_1,705,72.3,39.1
2025-05-07T03:55:00-04:00,Filler_1,705,71.9,39
2025-05-07T03:56:00-04:00,Filler_1,705,71.7,39
2025-05-07T03:57:00-04:00,Filler_1,705,71.3,39.1
2025-05-07T03:58:00-04:00,Filler_1,705,70.9,39
2025-05-07T03:59:00-04:00,Filler_1,705,71.3,39
2025-05-07T04:00:00-04:00,Filler_1,705,71.5,39
2025-05-07T04:01:00-04:00,Filler_1,705,71.2,38.9
2025-05-07T04:02:00-04:00,Filler_1,705,70.8,39
2025-05-07T04:03:00-04:00,Filler_1,705,71.6,39
2025-05-07T04:04:00-04:00,Filler_1,705,71.6,38.9
2025-05-07T04:05:00-04:00,Filler_1,705,71.2,38.9
2025-05-07T04:06:00-04:00,Filler_1,705,70.9,39
2025-05-07T04:07:00-04:00,Filler_1,705,71.3,38.9
2025-05-07T04:08:00-04:00,Filler_1,705,71.5,39.1
2025-05-07T04:09:00-04:00,Filler_1,705,74.2,39.1
2025-05-07T04:10:00-04:00,Filler_1,705,75.2,39.4
2025-05-07T04:11:00-04:00,Filler_1,705,71.8,39.3
2025-05-07T04:12:00-04:00,Filler_1,705,72.5,39.2
2025-05-07T04:13:00-04:00,Filler_1,705,72.4,39.2
2025-05-07T04:14:00-04:00,Filler_1,705,71.9,39.3
2025-05-07T04:15:00-04:00,Filler_1,705,71.5,39.1
2025-05-07T04:16:00-04:00,Filler_1,705,71.2,39
2025-05-07T04:17:00-04:00,Filler_1,705,70.9,39
2025-05-07T04:18:00-04:00,Filler_1,705,71.3,39
2025-05-07T04:19:00-04:00,Filler_1,705,72.5,39
2025-05-07T04:20:00-04:00,Filler_1,705,71.9,39
2025-05-07T04:21:00-04:00,Filler_1,705,78.1,39.1
2025-05-07T04:22:00-04:00,Filler_1,705,74.8,39.3
2025-05-07T04:23:00-04:00,Filler_1,705,72.9,39.1
2025-05-07T04:24:00-04:00,Filler_1,705,72.5,39.4
2025-05-07T04:25:00-04:00,Filler_1,705,72.1,39.4
2025-05-07T04:26:00-04:00,Filler_1,705,71.9,39.2
2025-05-07T04:27:00-04:00,Filler_1,705,71.6,39.1
2025-05-07T04:28:00-04:00,Filler_1,705,71.2,38.9
2025-05-07T04:29:00-04:00,Filler_1,705,70.6,38.8
2025-05-07T04:30:00-04:00,Filler_1,705,71.2,38.9
2025-05-07T04:31:00-04:00,Filler_1,705,71.5,38.9
2025-05-07T04:32:00-04:00,Filler_1,705,71.3,38.8
2025-05-07T04:33:00-04:00,Filler_1,705,70.8,38.9
2025-05-07T04:34:00-04:00,Filler_1,705,70.5,38.9
2025-05-07T04:35:00-04:00,Filler_1,705,71.6,38.8
2025-05-07T04:36:00-04:00,Filler_1,705,71.2,38.9
2025-05-07T04:37:00-04:00,Filler_1,705,70.8,38.7
2025-05-07T04:38:00-04:00,Filler_1,705,70.5,38.8
2025-05-07T04:39:00-04:00,Filler_1,705,71.6,38.8
2025-05-07T04:40:00-04:00,Filler_1,705,71.3,38.8
2025-05-07T04:41:00-04:00,Filler_1,705,70.6,38.9
2025-05-07T04:42:00-04:00,Filler_1,705,70.6,39
2025-05-07T04:43:00-04:00,Filler_1,705,71.6,39.2
2025-05-07T04:44:00-04:00,Filler_1,705,71.1,38.9
2025-05-07T04:45:00-04:00,Filler_1,705,70.8,39
2025-05-07T04:46:00-04:00,Filler_1,705,70.4,39
2025-05-07T04:47:00-04:00,Filler_1,705,71.6,38.7
2025-05-07T04:48:00-04:00,Filler_1,705,71.1,38.7
2025-05-07T04:49:00-04:00,Filler_1,705,70.5,38.7
2025-05-07T04:50:00-04:00,Filler_1,705,70.5,38.7
2025-05-07T04:51:00-04:00,Filler_1,705,71.5,38.9
2025-05-07T04:52:00-04:00,Filler_1,705,71.1,38.9
2025-05-07T04:53:00-04:00,Filler_1,705,70.8,38.8
2025-05-07T04:54:00-04:00,Filler_1,705,72.1,38.9
2025-05-07T04:55:00-04:00,Filler_1,705,72.9,38.9
2025-05-07T04:56:00-04:00,Filler_1,705,72.2,38.7
2025-05-07T04:57:00-04:00,Filler_1,705,72,39.1
2025-05-07T04:58:00-04:00,Filler_1,705,71.8,39
2025-05-07T04:59:00-04:00,Filler_1,705,71.1,39
2025-05-07T05:00:00-04:00,Filler_1,705,70.6,39
2025-05-07T05:01:00-04:00,Filler_1,705,70.6,39
2025-05-07T05:02:00-04:00,Filler_1,705,71.3,39
2025-05-07T05:03:00-04:00,Filler_1,705,70.9,38.9
2025-05-07T05:04:00-04:00,Filler_1,705,70.6,38.8
2025-05-07T05:05:00-04:00,Filler_1,705,71.4,38.7
2025-05-07T05:06:00-04:00,Filler_1,705,71.3,38.8
2025-05-07T05:07:00-04:00,Filler_1,705,70.8,38.7
2025-05-07T05:08:00-04:00,Filler_1,705,77,38.9
2025-05-07T05:09:00-04:00,Filler_1,705,75.2,39
2025-05-07T05:10:00-04:00,Filler_1,705,73.6,39
2025-05-07T05:11:00-04:00,Filler_1,705,72.9,39.1
2025-05-07T05:12:00-04:00,Filler_1,705,72.3,39.2
2025-05-07T05:13:00-04:00,Filler_1,705,71.8,38.9
2025-05-07T05:14:00-04:00,Filler_1,705,71.6,38.9
2025-05-07T05:15:00-04:00,Filler_1,705,73.7,39
2025-05-07T05:16:00-04:00,Filler_1,705,72.8,38.8
2025-05-07T05:17:00-04:00,Filler_1,705,72.9,39.3
2025-05-07T05:18:00-04:00,Filler_1,705,68.5,39.4
2025-05-07T05:19:00-04:00,Filler_1,705,73.4,39.4
2025-05-07T05:20:00-04:00,Filler_1,705,72.5,39.1
2025-05-07T05:21:00-04:00,Filler_1,705,72.2,38.9
2025-05-07T05:22:00-04:00,Filler_1,705,77.7,39
2025-05-07T05:23:00-04:00,Filler_1,705,76,39.4
2025-05-07T05:24:00-04:00,Filler_1,705,76.3,39.6
2025-05-07T05:25:00-04:00,Filler_1,705,74.1,39.4
2025-05-07T05:26:00-04:00,Filler_1,705,72.9,39.3
2025-05-07T05:27:00-04:00,Filler_1,705,72.5,39
2025-05-07T05:28:00-04:00,Filler_1,705,72.4,39
2025-05-07T05:29:00-04:00,Filler_1,705,71.9,39
2025-05-07T05:30:00-04:00,Filler_1,705,71.3,39
2025-05-07T05:31:00-04:00,Filler_1,705,71,39
2025-05-07T05:32:00-04:00,Filler_1,705,70.8,38.9
2025-05-07T05:33:00-04:00,Filler_1,705,72.1,38.8
2025-05-07T05:34:00-04:00,Filler_1,705,71.3,38.8
2025-05-07T05:35:00-04:00,Filler_1,705,71.1,38.8
2025-05-07T05:36:00-04:00,Filler_1,705,70.7,38.8
2025-05-07T05:37:00-04:00,Filler_1,705,71.5,38.9
2025-05-07T05:38:00-04:00,Filler_1,705,71.6,38.8
2025-05-07T05:39:00-04:00,Filler_1,705,71.2,38.8
2025-05-07T05:40:00-04:00,Filler_1,705,70.9,39
2025-05-07T05:41:00-04:00,Filler_1,705,71.9,39
2025-05-07T05:42:00-04:00,Filler_1,705,71.5,38.9
2025-05-07T05:43:00-04:00,Filler_1,705,71.2,39
2025-05-07T05:44:00-04:00,Filler_1,705,73.8,39
2025-05-07T05:45:00-04:00,Filler_1,705,75.2,39.2
2025-05-07T05:46:00-04:00,Filler_1,705,72.5,39
2025-05-07T05:47:00-04:00,Filler_1,705,71.5,39.1
2025-05-07T05:48:00-04:00,Filler_1,705,71.3,39
2025-05-07T05:49:00-04:00,Filler_1,705,71.1,38.9
2025-05-07T05:50:00-04:00,Filler_1,705,70.6,38.9
2025-05-07T05:51:00-04:00,Filler_1,705,71.6,38.9
2025-05-07T05:52:00-04:00,Filler_1,705,71.3,38.8
2025-05-07T05:53:00-04:00,Filler_1,705,71.1,38.8
2025-05-07T05:54:00-04:00,Filler_1,705,70.9,38.8
2025-05-07T05:55:00-04:00,Filler_1,705,71.2,39
2025-05-07T05:56:00-04:00,Filler_1,705,76,39
2025-05-07T05:57:00-04:00,Filler_1,705,72.6,39
2025-05-07T05:58:00-04:00,Filler_1,705,71.8,39
2025-05-07T05:59:00-04:00,Filler_1,705,71.3,39
2025-05-07T06:00:00-04:00,Filler_1,705,71.2,39
2025-05-07T06:01:00-04:00,Filler_1,705,71.5,39
2025-05-07T06:02:00-04:00,Filler_1,705,71.9,38.9
2025-05-07T06:03:00-04:00,Filler_1,705,75.8,39.1
2025-05-07T06:04:00-04:00,Filler_1,705,75.8,39.3
2025-05-07T06:05:00-04:00,Filler_1,705,75.4,39.6
2025-05-07T06:06:00-04:00,Filler_1,705,76.1,40
2025-05-07T06:07:00-04:00,Filler_1,705,75.8,40.1
2025-05-07T06:08:00-04:00,Filler_1,705,75.4,40.5
2025-05-07T06:09:00-04:00,Filler_1,705,76.3,41
2025-05-07T06:10:00-04:00,Filler_1,705,77.3,40.9
2025-05-07T06:11:00-04:00,Filler_1,705,77.6,41.2
2025-05-07T06:12:00-04:00,Filler_1,705,77.3,41.4
2025-05-07T06:13:00-04:00,Filler_1,705,76.8,41.6
2025-05-07T06:14:00-04:00,Filler_1,705,76.4,41.9
2025-05-07T06:15:00-04:00,Filler_1,705,76,42.1
2025-05-07T06:16:00-04:00,Filler_1,705,75.5,42.4
2025-05-07T06:17:00-04:00,Filler_1,705,76.5,42.5
2025-05-07T06:18:00-04:00,Filler_1,705,75.4,40.6
2025-05-07T06:19:00-04:00,Filler_1,705,72.1,39.9
2025-05-07T06:20:00-04:00,Filler_1,705,71.5,39.4
2025-05-07T06:21:00-04:00,Filler_1,705,71.2,39.1
2025-05-07T06:22:00-04:00,Filler_1,705,70.9,38.9
2025-05-07T06:23:00-04:00,Filler_1,705,70.8,38.8
2025-05-07T06:24:00-04:00,Filler_1,705,71.7,38.8
2025-05-07T06:25:00-04:00,Filler_1,705,71.2,38.8
2025-05-07T06:26:00-04:00,Filler_1,705,71.6,38.9
2025-05-07T06:27:00-04:00,Filler_1,705,73.1,39
2025-05-07T06:28:00-04:00,Filler_1,705,77.1,38.8
2025-05-07T06:29:00-04:00,Filler_1,705,71.9,39.2
2025-05-07T06:30:00-04:00,Filler_1,705,72.1,39.4
2025-05-07T06:31:00-04:00,Filler_1,705,71.6,39.4
2025-05-07T06:32:00-04:00,Filler_1,705,71.1,39
2025-05-07T06:33:00-04:00,Filler_1,705,71.7,38.9
2025-05-07T06:34:00-04:00,Filler_1,705,72.8,39
2025-05-07T06:35:00-04:00,Filler_1,705,72.4,39
2025-05-07T06:36:00-04:00,Filler_1,705,71.9,38.9
2025-05-07T06:37:00-04:00,Filler_1,705,71.4,39
2025-05-07T06:38:00-04:00,Filler_1,705,78,39
2025-05-07T06:39:00-04:00,Filler_1,705,71.8,39.1
2025-05-07T06:40:00-04:00,Filler_1,705,73.5,39
2025-05-07T06:41:00-04:00,Filler_1,705,72.8,39.1
2025-05-07T06:42:00-04:00,Filler_1,705,72.6,39.1
2025-05-07T06:43:00-04:00,Filler_1,705,72.1,39
2025-05-07T06:44:00-04:00,Filler_1,705,70.6,38.9
2025-05-07T06:45:00-04:00,Filler_1,705,73.7,38.9
2025-05-07T06:46:00-04:00,Filler_1,705,50.8,39.8
2025-05-07T06:47:00-04:00,Filler_1,300,16,40.5
2025-05-07T06:48:00-04:00,Filler_1,0,7,38.5
2025-05-07T06:49:00-04:00,Filler_1,0,7,38.1
2025-05-07T06:50:00-04:00,Filler_1,0,7,38
2025-05-07T06:51:00-04:00,Filler_1,0,7,38.3
2025-05-07T06:52:00-04:00,Filler_1,0,7,40
2025-05-07T06:53:00-04:00,Filler_1,0,7,41
2025-05-07T06:54:00-04:00,Filler_1,0,7,41.5
2025-05-07T06:55:00-04:00,Filler_1,0,7,41.5
2025-05-07T06:56:00-04:00,Filler_1,0,7,41.7
2025-05-07T06:57:00-04:00,Filler_1,0,7,42
2025-05-07T06:58:00-04:00,Filler_1,0,7,42.3
2025-05-07T06:59:00-04:00,Filler_1,0,7,42.5
2025-05-09T07:00:00-04:00,Filler_1,350,28,42.7
2025-05-09T07:01:00-04:00,Filler_1,705,65.7,39.3
2025-05-09T07:02:00-04:00,Filler_1,705,65.3,39.6
2025-05-09T07:03:00-04:00,Filler_1,705,66.1,40
2025-05-09T07:04:00-04:00,Filler_1,705,65.9,40.1
2025-05-09T07:05:00-04:00,Filler_1,705,65.3,40.5
2025-05-09T07:06:00-04:00,Filler_1,705,64.4,40.7
2025-05-09T07:07:00-04:00,Filler_1,705,65.5,39.9
2025-05-09T07:08:00-04:00,Filler_1,705,65.4,39.5
2025-05-09T07:09:00-04:00,Filler_1,705,62,39.2
2025-05-09T07:10:00-04:00,Filler_1,705,62,39
2025-05-09T07:11:00-04:00,Filler_1,705,61.7,38.7
2025-05-09T07:12:00-04:00,Filler_1,705,61.4,38.5
2025-05-09T07:13:00-04:00,Filler_1,705,60.9,38.5
2025-05-09T07:14:00-04:00,Filler_1,705,65.4,38.5
2025-05-09T07:15:00-04:00,Filler_1,705,65.9,38.6
2025-05-09T07:16:00-04:00,Filler_1,705,64.1,38.7
2025-05-09T07:17:00-04:00,Filler_1,705,65.4,38.8
2025-05-09T07:18:00-04:00,Filler_1,705,63.8,38.9
2025-05-09T07:19:00-04:00,Filler_1,705,69.8,38.8
2025-05-09T07:20:00-04:00,Filler_1,705,69,38.5
2025-05-09T07:21:00-04:00,Filler_1,705,69.6,38.5
2025-05-09T07:22:00-04:00,Filler_1,705,69,38.5
2025-05-09T07:23:00-04:00,Filler_1,705,68.7,38.3
2025-05-09T07:24:00-04:00,Filler_1,705,69,38.5
2025-05-09T07:25:00-04:00,Filler_1,705,69.2,38.5
2025-05-09T07:26:00-04:00,Filler_1,705,68.7,38.5
2025-05-09T07:27:00-04:00,Filler_1,705,68.3,38.4
2025-05-09T07:28:00-04:00,Filler_1,705,69.3,38.6
2025-05-09T07:29:00-04:00,Filler_1,705,69.9,38.4
2025-05-09T07:30:00-04:00,Filler_1,705,69.8,38.4
2025-05-09T07:31:00-04:00,Filler_1,705,69.5,38.4
2025-05-09T07:32:00-04:00,Filler_1,705,69,38.3
2025-05-09T07:33:00-04:00,Filler_1,705,68.6,38.5
2025-05-09T07:34:00-04:00,Filler_1,705,68.2,38.5
2025-05-09T07:35:00-04:00,Filler_1,705,68.1,38.3
2025-05-09T07:36:00-04:00,Filler_1,705,67.9,38.4
2025-05-09T07:37:00-04:00,Filler_1,705,72.2,38.4
2025-05-09T07:38:00-04:00,Filler_1,705,74.7,38.3
2025-05-09T07:39:00-04:00,Filler_1,705,67.2,38.4
2025-05-09T07:40:00-04:00,Filler_1,705,71,38.6
2025-05-09T07:41:00-04:00,Filler_1,705,70.3,38.6
2025-05-09T07:42:00-04:00,Filler_1,705,69.9,38.6
2025-05-09T07:43:00-04:00,Filler_1,705,69.5,38.5
2025-05-09T07:44:00-04:00,Filler_1,705,69,38.5
2025-05-09T07:45:00-04:00,Filler_1,705,68.7,38.5
2025-05-09T07:46:00-04:00,Filler_1,705,68.5,38.3
2025-05-09T07:47:00-04:00,Filler_1,705,70.5,38.5
2025-05-09T07:48:00-04:00,Filler_1,705,76.8,38.7
2025-05-09T07:49:00-04:00,Filler_1,705,73.7,39
2025-05-09T07:50:00-04:00,Filler_1,705,74.1,38.7
2025-05-09T07:51:00-04:00,Filler_1,705,77.8,39
2025-05-09T07:52:00-04:00,Filler_1,705,73.5,39
2025-05-09T07:53:00-04:00,Filler_1,705,72.4,38.9
2025-05-09T07:54:00-04:00,Filler_1,705,71.5,38.9
2025-05-09T07:55:00-04:00,Filler_1,705,70.9,38.7
2025-05-09T07:56:00-04:00,Filler_1,705,70.5,38.6
2025-05-09T07:57:00-04:00,Filler_1,705,70,38.5
2025-05-09T07:58:00-04:00,Filler_1,705,69.6,38.6
2025-05-09T07:59:00-04:00,Filler_1,705,69.3,38.5
2025-05-09T08:00:00-04:00,Filler_1,705,69.4,38.5
2025-05-09T08:01:00-04:00,Filler_1,705,68.9,38.5
2025-05-09T08:02:00-04:00,Filler_1,705,68.7,38.3
2025-05-09T08:03:00-04:00,Filler_1,705,68.5,38.5
2025-05-09T08:04:00-04:00,Filler_1,705,68.3,38.4
2025-05-09T08:05:00-04:00,Filler_1,705,68.5,38.6
2025-05-09T08:06:00-04:00,Filler_1,705,70.5,38.7
2025-05-09T08:07:00-04:00,Filler_1,705,69.3,38.6
2025-05-09T08:08:00-04:00,Filler_1,705,72.3,38.7
2025-05-09T08:09:00-04:00,Filler_1,705,75.8,38.8
2025-05-09T08:10:00-04:00,Filler_1,705,75.8,39
2025-05-09T08:11:00-04:00,Filler_1,705,75.4,39.3
2025-05-09T08:12:00-04:00,Filler_1,705,76,39.6
2025-05-09T08:13:00-04:00,Filler_1,705,75.5,39.9
2025-05-09T08:14:00-04:00,Filler_1,705,76.2,40.1
2025-05-09T08:15:00-04:00,Filler_1,705,78.7,40.3
2025-05-09T08:16:00-04:00,Filler_1,705,76.6,40.7
2025-05-09T08:17:00-04:00,Filler_1,705,76.1,40.9
2025-05-09T08:18:00-04:00,Filler_1,705,75.8,41
2025-05-09T08:19:00-04:00,Filler_1,705,76.7,41.3
2025-05-09T08:20:00-04:00,Filler_1,705,76.1,41.5
2025-05-09T08:21:00-04:00,Filler_1,705,76,41.9
2025-05-09T08:22:00-04:00,Filler_1,705,75.2,42.5
2025-05-09T08:23:00-04:00,Filler_1,705,75.8,40.1
2025-05-09T08:24:00-04:00,Filler_1,705,76.4,39.8
2025-05-09T08:25:00-04:00,Filler_1,705,69.9,39.5
2025-05-09T08:26:00-04:00,Filler_1,705,70.7,39.2
2025-05-09T08:27:00-04:00,Filler_1,705,70.6,38.9
2025-05-09T08:28:00-04:00,Filler_1,705,69.8,38.7
2025-05-09T08:29:00-04:00,Filler_1,705,69.5,38.5
2025-05-09T08:30:00-04:00,Filler_1,705,69,38.5
2025-05-09T08:31:00-04:00,Filler_1,705,68.7,38.5
2025-05-09T08:32:00-04:00,Filler_1,705,68.6,38.3
2025-05-09T08:33:00-04:00,Filler_1,705,72.1,38.5
2025-05-09T08:34:00-04:00,Filler_1,705,71.8,38.6
2025-05-09T08:35:00-04:00,Filler_1,705,73.5,38.5
2025-05-09T08:36:00-04:00,Filler_1,705,69.5,38.7
2025-05-09T08:37:00-04:00,Filler_1,705,69.3,38.7
2025-05-09T08:38:00-04:00,Filler_1,705,69,38.6
2025-05-09T08:39:00-04:00,Filler_1,705,68.7,38.6
2025-05-09T08:40:00-04:00,Filler_1,705,68.3,38.7
2025-05-09T08:41:00-04:00,Filler_1,705,68.2,38.5
2025-05-09T08:42:00-04:00,Filler_1,705,67.9,38.5
2025-05-09T08:43:00-04:00,Filler_1,705,68,38.4
2025-05-09T08:44:00-04:00,Filler_1,705,67.9,38.3
2025-05-09T08:45:00-04:00,Filler_1,705,67.6,38.4
2025-05-09T08:46:00-04:00,Filler_1,705,69,38.4
2025-05-09T08:47:00-04:00,Filler_1,705,68.6,38.4
2025-05-09T08:48:00-04:00,Filler_1,705,68,38.4
2025-05-09T08:49:00-04:00,Filler_1,705,68.2,38.3
2025-05-09T08:50:00-04:00,Filler_1,705,67.9,38.3
2025-05-09T08:51:00-04:00,Filler_1,705,67.9,38.5
2025-05-09T08:52:00-04:00,Filler_1,705,75.8,38.6
2025-05-09T08:53:00-04:00,Filler_1,705,68.8,38.6
2025-05-09T08:54:00-04:00,Filler_1,705,68.5,38.6
2025-05-09T08:55:00-04:00,Filler_1,705,68.2,38.6
2025-05-09T08:56:00-04:00,Filler_1,705,67.9,38.5
2025-05-09T08:57:00-04:00,Filler_1,705,67.4,38.3
2025-05-09T08:58:00-04:00,Filler_1,705,77.6,38.4
2025-05-09T08:59:00-04:00,Filler_1,705,73,38.5
2025-05-09T09:00:00-04:00,Filler_1,705,70.5,38.6
2025-05-09T09:01:00-04:00,Filler_1,705,70,38.6
2025-05-09T09:02:00-04:00,Filler_1,705,69.6,38.6
2025-05-09T09:03:00-04:00,Filler_1,705,69,38.5
2025-05-09T09:04:00-04:00,Filler_1,705,69,38.5
2025-05-09T09:05:00-04:00,Filler_1,705,68.7,38.3
2025-05-09T09:06:00-04:00,Filler_1,705,75.9,38.6
2025-05-09T09:07:00-04:00,Filler_1,705,70.5,38.5
2025-05-09T09:08:00-04:00,Filler_1,705,70.5,38.6
2025-05-09T09:09:00-04:00,Filler_1,705,69.8,38.6
2025-05-09T09:10:00-04:00,Filler_1,705,69.3,38.5
2025-05-09T09:11:00-04:00,Filler_1,705,73.7,38.6
2025-05-09T09:12:00-04:00,Filler_1,705,75.1,38.8
2025-05-09T09:13:00-04:00,Filler_1,705,71.1,38.5
2025-05-09T09:14:00-04:00,Filler_1,705,73.1,38.9
2025-05-09T09:15:00-04:00,Filler_1,705,74.5,39
2025-05-09T09:16:00-04:00,Filler_1,705,75.5,39
2025-05-09T09:17:00-04:00,Filler_1,705,75.1,39.1
2025-05-09T09:18:00-04:00,Filler_1,705,75.3,39
2025-05-09T09:19:00-04:00,Filler_1,705,73.7,39.1
2025-05-09T09:20:00-04:00,Filler_1,705,76,39.2
2025-05-09T09:21:00-04:00,Filler_1,705,70.3,39
2025-05-09T09:22:00-04:00,Filler_1,705,71.2,38.9
2025-05-09T09:23:00-04:00,Filler_1,705,75.2,38.9
2025-05-09T09:24:00-04:00,Filler_1,705,70.8,38.6
2025-05-09T09:25:00-04:00,Filler_1,705,70.5,38.7
2025-05-09T09:26:00-04:00,Filler_1,705,70,38.6
2025-05-09T09:27:00-04:00,Filler_1,705,69.8,38.6
2025-05-09T09:28:00-04:00,Filler_1,705,69.4,38.4
2025-05-09T09:29:00-04:00,Filler_1,705,69,38.4
2025-05-09T09:30:00-04:00,Filler_1,705,68.6,38.5
2025-05-09T09:31:00-04:00,Filler_1,705,68.5,38.3
2025-05-09T09:32:00-04:00,Filler_1,705,68.3,38.3
2025-05-09T09:33:00-04:00,Filler_1,705,68,38.4
2025-05-09T09:34:00-04:00,Filler_1,705,67.9,38.2
2025-05-09T09:35:00-04:00,Filler_1,705,68.9,38.3
2025-05-09T09:36:00-04:00,Filler_1,705,73.2,38.6
2025-05-09T09:37:00-04:00,Filler_1,705,76.7,38.7
2025-05-09T09:38:00-04:00,Filler_1,705,75.5,39.1
2025-05-09T09:39:00-04:00,Filler_1,705,76.3,39.3
2025-05-09T09:40:00-04:00,Filler_1,705,75.4,39.5
2025-05-09T09:41:00-04:00,Filler_1,705,71.3,38.9
2025-05-09T09:42:00-04:00,Filler_1,705,70.2,38.7
2025-05-09T09:43:00-04:00,Filler_1,705,69.9,38.6
2025-05-09T09:44:00-04:00,Filler_1,705,74.6,38.6
2025-05-09T09:45:00-04:00,Filler_1,705,71.2,38.6
2025-05-09T09:46:00-04:00,Filler_1,705,70.8,38.6
2025-05-09T09:47:00-04:00,Filler_1,705,70.3,38.5
2025-05-09T09:48:00-04:00,Filler_1,705,69.9,38.6
2025-05-09T09:49:00-04:00,Filler_1,705,69.8,38.6
2025-05-09T09:50:00-04:00,Filler_1,705,69.2,38.8
2025-05-09T09:51:00-04:00,Filler_1,705,72.4,38.7
2025-05-09T09:52:00-04:00,Filler_1,705,71.8,38.6
2025-05-09T09:53:00-04:00,Filler_1,705,69.7,38.9
2025-05-09T09:54:00-04:00,Filler_1,705,69.3,38.6
2025-05-09T09:55:00-04:00,Filler_1,705,69,38.5
2025-05-09T09:56:00-04:00,Filler_1,300,75.7,38.8
2025-05-09T09:57:00-04:00,Filler_1,0,70.3,38.9
2025-05-09T09:58:00-04:00,Filler_1,0,70.7,38.8
2025-05-09T09:59:00-04:00,Filler_1,0,75.1,39
2025-05-09T10:00:00-04:00,Filler_1,0,25.4,39.8
2025-05-09T10:01:00-04:00,Filler_1,0,7,39.5
2025-05-09T10:02:00-04:00,Filler_1,0,7,38.2
2025-05-09T10:03:00-04:00,Filler_1,0,7,38.5
2025-05-09T10:04:00-04:00,Filler_1,0,7,38.6
2025-05-09T10:05:00-04:00,Filler_1,0,7,38.8
2025-05-09T10:06:00-04:00,Filler_1,0,7,40.2
2025-05-09T10:07:00-04:00,Filler_1,0,7,40.6
2025-05-09T10:08:00-04:00,Filler_1,0,7,41.1
2025-05-09T10:09:00-04:00,Filler_1,0,7,41.3
2025-05-09T10:10:00-04:00,Filler_1,0,7,41.5
2025-05-09T10:11:00-04:00,Filler_1,0,7,41.8
2025-05-09T10:12:00-04:00,Filler_1,0,7,42.2
2025-05-09T10:13:00-04:00,Filler_1,0,22.4,45.4
2025-05-09T10:14:00-04:00,Filler_1,0,29.3,46.1
2025-05-09T10:15:00-04:00,Filler_1,0,62,47.3
2025-05-09T10:16:00-04:00,Filler_1,0,65.1,41
2025-05-09T10:17:00-04:00,Filler_1,0,67.3,41.1
2025-05-09T10:18:00-04:00,Filler_1,0,67.6,41.5
2025-05-09T10:19:00-04:00,Filler_1,0,67,41.5
2025-05-09T10:20:00-04:00,Filler_1,0,66.6,41.6
2025-05-09T10:21:00-04:00,Filler_1,0,66.1,41.8
2025-05-09T10:22:00-04:00,Filler_1,0,65.7,42
2025-05-09T10:23:00-04:00,Filler_1,0,66.1,42.3
2025-05-09T10:24:00-04:00,Filler_1,0,66.6,42.5
2025-05-09T10:25:00-04:00,Filler_1,0,66.2,42.6
2025-05-09T10:26:00-04:00,Filler_1,0,65.9,42.8
2025-05-09T10:27:00-04:00,Filler_1,0,70.2,43.4
2025-05-09T10:28:00-04:00,Filler_1,0,71.2,40.5
2025-05-09T10:29:00-04:00,Filler_1,0,75,40.4
2025-05-09T10:30:00-04:00,Filler_1,0,76.6,40.5
2025-05-09T10:31:00-04:00,Filler_1,0,76,40.7
2025-05-09T10:32:00-04:00,Filler_1,0,73.8,40.5
2025-05-09T10:33:00-04:00,Filler_1,0,71.6,39.7
2025-05-09T10:34:00-04:00,Filler_1,0,73.8,39.4
2025-05-09T10:35:00-04:00,Filler_1,0,76.8,39.6
2025-05-09T10:36:00-04:00,Filler_1,0,76,40
2025-05-09T10:37:00-04:00,Filler_1,321,75.1,40.4
2025-05-09T10:38:00-04:00,Filler_1,705,72.9,39.4
2025-05-09T10:39:00-04:00,Filler_1,705,72.9,39.3
2025-05-09T10:40:00-04:00,Filler_1,705,72.4,39.2
2025-05-09T10:41:00-04:00,Filler_1,705,72.1,39
2025-05-09T10:42:00-04:00,Filler_1,705,71.9,39
2025-05-09T10:43:00-04:00,Filler_1,705,71.6,39.1
2025-05-09T10:44:00-04:00,Filler_1,705,71.2,39
2025-05-09T10:45:00-04:00,Filler_1,705,70.9,38.8
2025-05-09T10:46:00-04:00,Filler_1,705,71.3,38.9
2025-05-09T10:47:00-04:00,Filler_1,705,71.6,39
2025-05-09T10:48:00-04:00,Filler_1,705,71.2,38.9
2025-05-09T10:49:00-04:00,Filler_1,705,70.9,38.9
2025-05-09T10:50:00-04:00,Filler_1,300,76.3,39
2025-05-09T10:51:00-04:00,Filler_1,705,73.3,38.9
2025-05-09T10:52:00-04:00,Filler_1,705,72.6,39
2025-05-09T10:53:00-04:00,Filler_1,705,72.3,39.1
2025-05-09T10:54:00-04:00,Filler_1,705,71.9,39
2025-05-09T10:55:00-04:00,Filler_1,705,71.7,39
2025-05-09T10:56:00-04:00,Filler_1,705,71.3,39.1
2025-05-09T10:57:00-04:00,Filler_1,705,70.9,39
2025-05-09T10:58:00-04:00,Filler_1,705,71.3,39
2025-05-09T10:59:00-04:00,Filler_1,705,71.5,39
2025-05-09T11:00:00-04:00,Filler_1,705,71.2,38.9
2025-05-09T11:01:00-04:00,Filler_1,705,70.8,39
2025-05-09T11:02:00-04:00,Filler_1,705,71.6,39
2025-05-09T11:03:00-04:00,Filler_1,705,71.6,38.9
2025-05-09T11:04:00-04:00,Filler_1,705,71.2,38.9
2025-05-09T11:05:00-04:00,Filler_1,705,70.9,39
2025-05-09T11:06:00-04:00,Filler_1,705,71.3,38.9
2025-05-09T11:07:00-04:00,Filler_1,705,71.5,39.1
2025-05-09T11:08:00-04:00,Filler_1,705,74.2,39.1
2025-05-09T11:09:00-04:00,Filler_1,705,75.2,39.4
2025-05-09T11:10:00-04:00,Filler_1,705,71.8,39.3
2025-05-09T11:11:00-04:00,Filler_1,705,72.5,39.2
2025-05-09T11:12:00-04:00,Filler_1,705,72.4,39.2
2025-05-09T11:13:00-04:00,Filler_1,705,71.9,39.3
2025-05-09T11:14:00-04:00,Filler_1,705,71.5,39.1
2025-05-09T11:15:00-04:00,Filler_1,705,71.2,39
2025-05-09T11:16:00-04:00,Filler_1,705,70.9,39
2025-05-09T11:17:00-04:00,Filler_1,705,71.3,39
2025-05-09T11:18:00-04:00,Filler_1,705,72.5,39
2025-05-09T11:19:00-04:00,Filler_1,705,71.9,39
2025-05-09T11:20:00-04:00,Filler_1,705,78.1,39.1
2025-05-09T11:21:00-04:00,Filler_1,705,74.8,39.3
2025-05-09T11:22:00-04:00,Filler_1,705,72.9,39.1
2025-05-09T11:23:00-04:00,Filler_1,705,72.5,39.4
2025-05-09T11:24:00-04:00,Filler_1,705,72.1,39.4
2025-05-09T11:25:00-04:00,Filler_1,705,71.9,39.2
2025-05-09T11:26:00-04:00,Filler_1,705,71.6,39.1
2025-05-09T11:27:00-04:00,Filler_1,705,71.2,38.9
2025-05-09T11:28:00-04:00,Filler_1,705,70.6,38.8
2025-05-09T11:29:00-04:00,Filler_1,705,71.2,38.9
2025-05-09T11:30:00-04:00,Filler_1,705,71.5,38.9
2025-05-09T11:31:00-04:00,Filler_1,705,71.3,38.8
2025-05-09T11:32:00-04:00,Filler_1,705,70.8,38.9
2025-05-09T11:33:00-04:00,Filler_1,705,70.5,38.9
2025-05-09T11:34:00-04:00,Filler_1,705,71.6,38.8
2025-05-09T11:35:00-04:00,Filler_1,705,71.2,38.9
2025-05-09T11:36:00-04:00,Filler_1,705,70.8,38.7
2025-05-09T11:37:00-04:00,Filler_1,705,70.5,38.8
2025-05-09T11:38:00-04:00,Filler_1,705,71.6,38.8
2025-05-09T11:39:00-04:00,Filler_1,705,71.3,38.8
2025-05-09T11:40:00-04:00,Filler_1,705,70.6,38.9
2025-05-09T11:41:00-04:00,Filler_1,705,70.6,39
2025-05-09T11:42:00-04:00,Filler_1,705,71.6,39.2
2025-05-09T11:43:00-04:00,Filler_1,705,71.1,38.9
2025-05-09T11:44:00-04:00,Filler_1,705,70.8,39
2025-05-09T11:45:00-04:00,Filler_1,705,70.4,39
2025-05-09T11:46:00-04:00,Filler_1,705,71.6,38.7
2025-05-09T11:47:00-04:00,Filler_1,705,71.1,38.7
2025-05-09T11:48:00-04:00,Filler_1,705,70.5,38.7
2025-05-09T11:49:00-04:00,Filler_1,705,70.5,38.7
2025-05-09T11:50:00-04:00,Filler_1,705,71.5,38.9
2025-05-09T11:51:00-04:00,Filler_1,705,71.1,38.9
2025-05-09T11:52:00-04:00,Filler_1,705,70.8,38.8
2025-05-09T11:53:00-04:00,Filler_1,705,72.1,38.9
2025-05-09T11:54:00-04:00,Filler_1,705,72.9,38.9
2025-05-09T11:55:00-04:00,Filler_1,705,72.2,38.7
2025-05-09T11:56:00-04:00,Filler_1,705,72,39.1
2025-05-09T11:57:00-04:00,Filler_1,705,71.8,39
2025-05-09T11:58:00-04:00,Filler_1,705,71.1,39
2025-05-09T11:59:00-04:00,Filler_1,705,70.6,39
2025-05-09T12:00:00-04:00,Filler_1,705,70.6,39
2025-05-09T12:01:00-04:00,Filler_1,705,71.3,39
2025-05-09T12:02:00-04:00,Filler_1,705,70.9,38.9
2025-05-09T12:03:00-04:00,Filler_1,705,70.6,38.8
2025-05-09T12:04:00-04:00,Filler_1,705,71.4,38.7
2025-05-09T12:05:00-04:00,Filler_1,705,71.3,38.8
2025-05-09T12:06:00-04:00,Filler_1,705,70.8,38.7
2025-05-09T12:07:00-04:00,Filler_1,705,77,38.9
2025-05-09T12:08:00-04:00,Filler_1,705,75.2,39
2025-05-09T12:09:00-04:00,Filler_1,705,73.6,39
2025-05-09T12:10:00-04:00,Filler_1,705,72.9,39.1
2025-05-09T12:11:00-04:00,Filler_1,705,72.3,39.2
2025-05-09T12:12:00-04:00,Filler_1,705,71.8,38.9
2025-05-09T12:13:00-04:00,Filler_1,705,71.6,38.9
2025-05-09T12:14:00-04:00,Filler_1,705,73.7,39
2025-05-09T12:15:00-04:00,Filler_1,705,72.8,38.8
2025-05-09T12:16:00-04:00,Filler_1,705,72.9,39.3
2025-05-09T12:17:00-04:00,Filler_1,705,68.5,39.4
2025-05-09T12:18:00-04:00,Filler_1,705,73.4,39.4
2025-05-09T12:19:00-04:00,Filler_1,705,72.5,39.1
2025-05-09T12:20:00-04:00,Filler_1,705,72.2,38.9
2025-05-09T12:21:00-04:00,Filler_1,705,77.7,39
2025-05-09T12:22:00-04:00,Filler_1,705,76,39.4
2025-05-09T12:23:00-04:00,Filler_1,705,76.3,39.6
2025-05-09T12:24:00-04:00,Filler_1,705,74.1,39.4
2025-05-09T12:25:00-04:00,Filler_1,705,72.9,39.3
2025-05-09T12:26:00-04:00,Filler_1,705,72.5,39
2025-05-09T12:27:00-04:00,Filler_1,705,72.4,39
2025-05-09T12:28:00-04:00,Filler_1,705,71.9,39
2025-05-09T12:29:00-04:00,Filler_1,705,71.3,39
2025-05-09T12:30:00-04:00,Filler_1,705,71,39
2025-05-09T12:31:00-04:00,Filler_1,705,70.8,38.9
2025-05-09T12:32:00-04:00,Filler_1,705,72.1,38.8
2025-05-09T12:33:00-04:00,Filler_1,705,71.3,38.8
2025-05-09T12:34:00-04:00,Filler_1,705,71.1,38.8
2025-05-09T12:35:00-04:00,Filler_1,705,70.7,38.8
2025-05-09T12:36:00-04:00,Filler_1,705,71.5,38.9
2025-05-09T12:37:00-04:00,Filler_1,705,71.6,38.8
2025-05-09T12:38:00-04:00,Filler_1,705,71.2,38.8
2025-05-09T12:39:00-04:00,Filler_1,705,70.9,39
2025-05-09T12:40:00-04:00,Filler_1,705,71.9,39
2025-05-09T12:41:00-04:00,Filler_1,705,71.5,38.9
2025-05-09T12:42:00-04:00,Filler_1,705,71.2,39
2025-05-09T12:43:00-04:00,Filler_1,705,73.8,39
2025-05-09T12:44:00-04:00,Filler_1,705,75.2,39.2
2025-05-09T12:45:00-04:00,Filler_1,705,72.5,39
2025-05-09T12:46:00-04:00,Filler_1,705,71.5,39.1
2025-05-09T12:47:00-04:00,Filler_1,705,71.3,39
2025-05-09T12:48:00-04:00,Filler_1,705,71.1,38.9
2025-05-09T12:49:00-04:00,Filler_1,705,70.6,38.9
2025-05-09T12:50:00-04:00,Filler_1,705,71.6,38.9
2025-05-09T12:51:00-04:00,Filler_1,705,71.3,38.8
2025-05-09T12:52:00-04:00,Filler_1,705,71.1,38.8
2025-05-09T12:53:00-04:00,Filler_1,705,70.9,38.8
2025-05-09T12:54:00-04:00,Filler_1,705,71.2,39
2025-05-09T12:55:00-04:00,Filler_1,705,76,39
2025-05-09T12:56:00-04:00,Filler_1,705,72.6,39
2025-05-09T12:57:00-04:00,Filler_1,705,71.8,39
2025-05-09T12:58:00-04:00,Filler_1,705,71.3,39
2025-05-09T12:59:00-04:00,Filler_1,705,71.2,39
2025-05-09T13:00:00-04:00,Filler_1,705,71.5,39
2025-05-09T13:01:00-04:00,Filler_1,705,71.9,38.9
2025-05-09T13:02:00-04:00,Filler_1,705,75.8,39.1
2025-05-09T13:03:00-04:00,Filler_1,705,75.8,39.3
2025-05-09T13:04:00-04:00,Filler_1,705,75.4,39.6
2025-05-09T13:05:00-04:00,Filler_1,705,76.1,40
2025-05-09T13:06:00-04:00,Filler_1,705,75.8,40.1
2025-05-09T13:07:00-04:00,Filler_1,705,75.4,40.5
2025-05-09T13:08:00-04:00,Filler_1,705,76.3,41
2025-05-09T13:09:00-04:00,Filler_1,705,77.3,40.9
2025-05-09T13:10:00-04:00,Filler_1,705,77.6,41.2
2025-05-09T13:11:00-04:00,Filler_1,705,77.3,41.4
2025-05-09T13:12:00-04:00,Filler_1,705,76.8,41.6
2025-05-09T13:13:00-04:00,Filler_1,705,76.4,41.9
2025-05-09T13:14:00-04:00,Filler_1,705,76,42.1
2025-05-09T13:15:00-04:00,Filler_1,705,75.5,42.4
2025-05-09T13:16:00-04:00,Filler_1,705,76.5,42.5
2025-05-09T13:17:00-04:00,Filler_1,705,75.4,40.6
2025-05-09T13:18:00-04:00,Filler_1,705,72.1,39.9
2025-05-09T13:19:00-04:00,Filler_1,705,71.5,39.4
2025-05-09T13:20:00-04:00,Filler_1,705,71.2,39.1
2025-05-09T13:21:00-04:00,Filler_1,705,70.9,38.9
2025-05-09T13:22:00-04:00,Filler_1,705,70.8,38.8
2025-05-09T13:23:00-04:00,Filler_1,705,71.7,38.8
2025-05-09T13:24:00-04:00,Filler_1,705,71.2,38.8
2025-05-09T13:25:00-04:00,Filler_1,705,71.6,38.9
2025-05-09T13:26:00-04:00,Filler_1,705,73.1,39
2025-05-09T13:27:00-04:00,Filler_1,705,77.1,38.8
2025-05-09T13:28:00-04:00,Filler_1,705,71.9,39.2
2025-05-09T13:29:00-04:00,Filler_1,705,72.1,39.4
2025-05-09T13:30:00-04:00,Filler_1,705,71.6,39.4
2025-05-09T13:31:00-04:00,Filler_1,705,71.1,39
2025-05-09T13:32:00-04:00,Filler_1,705,71.7,38.9
2025-05-09T13:33:00-04:00,Filler_1,705,72.8,39
2025-05-09T13:34:00-04:00,Filler_1,705,72.4,39
2025-05-09T13:35:00-04:00,Filler_1,705,71.9,38.9
2025-05-09T13:36:00-04:00,Filler_1,705,71.4,39
2025-05-09T13:37:00-04:00,Filler_1,705,78,39
2025-05-09T13:38:00-04:00,Filler_1,705,71.8,39.1
2025-05-09T13:39:00-04:00,Filler_1,705,73.5,39
2025-05-09T13:40:00-04:00,Filler_1,705,72.8,39.1
2025-05-09T13:41:00-04:00,Filler_1,705,72.6,39.1
2025-05-09T13:42:00-04:00,Filler_1,705,72.1,39
2025-05-09T13:43:00-04:00,Filler_1,705,70.6,38.9
2025-05-09T13:44:00-04:00,Filler_1,705,73.7,38.9
2025-05-09T13:45:00-04:00,Filler_1,705,50.8,39.8
2025-05-09T13:46:00-04:00,Filler_1,300,16,40.5
2025-05-09T13:47:00-04:00,Filler_1,0,7,38.5
2025-05-09T13:48:00-04:00,Filler_1,0,7,38.1
2025-05-09T13:49:00-04:00,Filler_1,0,7,38
2025-05-09T13:50:00-04:00,Filler_1,0,7,38.3
2025-05-09T13:51:00-04:00,Filler_1,0,7,40
2025-05-09T13:52:00-04:00,Filler_1,0,7,41
2025-05-09T13:53:00-04:00,Filler_1,0,7,41.5
2025-05-09T13:54:00-04:00,Filler_1,0,7,41.5
2025-05-09T13:55:00-04:00,Filler_1,0,7,41.7
2025-05-09T13:56:00-04:00,Filler_1,0,7,42
2025-05-09T13:57:00-04:00,Filler_1,0,7,42.3
2025-05-09T13:58:00-04:00,Filler_1,0,7,42.5
2025-05-09T13:59:00-04:00,Filler_1,0,7,42.7
2025-05-09T14:00:00-04:00,Filler_1,0,7,43
2025-05-09T14:01:00-04:00,Filler_1,0,7,43.3
2025-05-09T14:02:00-04:00,Filler_1,0,7,43.5
2025-05-09T14:03:00-04:00,Filler_1,0,7,43.8
2025-05-09T14:04:00-04:00,Filler_1,0,7,44
2025-05-09T14:05:00-04:00,Filler_1,0,7,44.3
2025-05-09T14:06:00-04:00,Filler_1,0,7,44.6
2025-05-09T14:07:00-04:00,Filler_1,0,7,44.9
2025-05-09T14:08:00-04:00,Filler_1,0,7,45.1
2025-05-09T14:09:00-04:00,Filler_1,0,7,45.4
2025-05-09T14:10:00-04:00,Filler_1,0,7,45.6
2025-05-09T14:11:00-04:00,Filler_1,0,7,45.9
2025-05-09T14:12:00-04:00,Filler_1,0,7,46.1
2025-05-09T14:13:00-04:00,Filler_1,502.5,26.7,49.3
2025-05-09T14:14:00-04:00,Filler_1,700,44.7,51.7
2025-05-09T14:15:00-04:00,Filler_1,700,63.3,45.1
2025-05-09T14:16:00-04:00,Filler_1,700,67.5,42.3
2025-05-09T14:17:00-04:00,Filler_1,700,67,42.9
2025-05-09T14:18:00-04:00,Filler_1,700,66.5,43.1
2025-05-09T14:19:00-04:00,Filler_1,700,66,43.6
2025-05-09T14:20:00-04:00,Filler_1,700,68.9,43.9
2025-05-09T14:21:00-04:00,Filler_1,700,69.7,42.9
2025-05-09T14:22:00-04:00,Filler_1,705,73.2,40.3
2025-05-09T14:23:00-04:00,Filler_1,705,72.8,39.9
2025-05-09T14:24:00-04:00,Filler_1,705,72.1,39.3
2025-05-09T14:25:00-04:00,Filler_1,705,71.8,39.1
2025-05-09T14:26:00-04:00,Filler_1,705,71.9,39
2025-05-09T14:27:00-04:00,Filler_1,705,72.4,39
2025-05-09T14:28:00-04:00,Filler_1,705,72.2,39
2025-05-09T14:29:00-04:00,Filler_1,705,72,39
2025-05-09T14:30:00-04:00,Filler_1,705,71.8,38.9
2025-05-09T14:31:00-04:00,Filler_1,705,71.5,39
2025-05-09T14:32:00-04:00,Filler_1,705,71.2,39
2025-05-09T14:33:00-04:00,Filler_1,705,71,39
2025-05-09T14:34:00-04:00,Filler_1,705,72.1,39.1
2025-05-09T14:35:00-04:00,Filler_1,705,71.9,39
2025-05-09T14:36:00-04:00,Filler_1,705,75,39
2025-05-09T14:37:00-04:00,Filler_1,705,74.5,39.3
2025-05-09T14:38:00-04:00,Filler_1,705,72.6,39.1
2025-05-09T14:39:00-04:00,Filler_1,705,72.4,39.2
2025-05-09T14:40:00-04:00,Filler_1,705,71.9,39.1
2025-05-09T14:41:00-04:00,Filler_1,705,71.8,39
2025-05-09T14:42:00-04:00,Filler_1,705,71.6,39
2025-05-09T14:43:00-04:00,Filler_1,652,74.7,39
2025-05-09T14:44:00-04:00,Filler_1,652,76,39.2
2025-05-09T14:45:00-04:00,Filler_1,705,73.8,39
2025-05-09T14:46:00-04:00,Filler_1,705,72.4,39.1
2025-05-09T14:47:00-04:00,Filler_1,705,71.9,39.1
2025-05-09T14:48:00-04:00,Filler_1,705,71.6,39
2025-05-09T14:49:00-04:00,Filler_1,705,71.5,39
2025-05-09T14:50:00-04:00,Filler_1,705,71.2,39
2025-05-09T14:51:00-04:00,Filler_1,705,71.1,39
2025-05-09T14:52:00-04:00,Filler_1,705,70.9,39
2025-05-09T14:53:00-04:00,Filler_1,705,71.1,38.9
2025-05-09T14:54:00-04:00,Filler_1,705,72.1,38.8
2025-05-09T14:55:00-04:00,Filler_1,705,71.9,38.9
2025-05-09T14:56:00-04:00,Filler_1,705,74.1,39
2025-05-09T14:57:00-04:00,Filler_1,705,72.5,38.9
2025-05-09T14:58:00-04:00,Filler_1,705,72.4,38.9
2025-05-09T14:59:00-04:00,Filler_1,705,71.9,39
2025-05-09T15:00:00-04:00,Filler_1,300,66,39
2025-05-09T15:01:00-04:00,Filler_1,705,65.7,39.3
2025-05-09T15:02:00-04:00,Filler_1,705,65.3,39.6
2025-05-09T15:03:00-04:00,Filler_1,705,66.1,40
2025-05-09T15:04:00-04:00,Filler_1,705,65.9,40.1
2025-05-09T15:05:00-04:00,Filler_1,705,65.3,40.5
2025-05-09T15:06:00-04:00,Filler_1,705,64.4,40.7
2025-05-09T15:07:00-04:00,Filler_1,705,65.5,39.9
2025-05-09T15:08:00-04:00,Filler_1,705,65.4,39.5
2025-05-09T15:09:00-04:00,Filler_1,705,62,39.2
2025-05-09T15:10:00-04:00,Filler_1,705,62,39
2025-05-09T15:11:00-04:00,Filler_1,705,61.7,38.7
2025-05-09T15:12:00-04:00,Filler_1,705,61.4,38.5
2025-05-09T15:13:00-04:00,Filler_1,705,60.9,38.5
2025-05-09T15:14:00-04:00,Filler_1,705,65.4,38.5
2025-05-09T15:15:00-04:00,Filler_1,705,65.9,38.6
2025-05-09T15:16:00-04:00,Filler_1,705,64.1,38.7
2025-05-09T15:17:00-04:00,Filler_1,705,65.4,38.8
2025-05-09T15:18:00-04:00,Filler_1,705,63.8,38.9
2025-05-09T15:19:00-04:00,Filler_1,705,69.8,38.8
2025-05-09T15:20:00-04:00,Filler_1,705,69,38.5
2025-05-09T15:21:00-04:00,Filler_1,705,69.6,38.5
2025-05-09T15:22:00-04:00,Filler_1,705,69,38.5
2025-05-09T15:23:00-04:00,Filler_1,705,68.7,38.3
2025-05-09T15:24:00-04:00,Filler_1,705,69,38.5
2025-05-09T15:25:00-04:00,Filler_1,705,69.2,38.5
2025-05-09T15:26:00-04:00,Filler_1,705,68.7,38.5
2025-05-09T15:27:00-04:00,Filler_1,705,68.3,38.4
2025-05-09T15:28:00-04:00,Filler_1,705,69.3,38.6
2025-05-09T15:29:00-04:00,Filler_1,705,69.9,38.4
2025-05-09T15:30:00-04:00,Filler_1,705,69.8,38.4
2025-05-09T15:31:00-04:00,Filler_1,705,69.5,38.4
2025-05-09T15:32:00-04:00,Filler_1,705,69,38.3
2025-05-09T15:33:00-04:00,Filler_1,705,68.6,38.5
2025-05-09T15:34:00-04:00,Filler_1,705,68.2,38.5
2025-05-09T15:35:00-04:00,Filler_1,705,68.1,38.3
2025-05-09T15:36:00-04:00,Filler_1,705,67.9,38.4
2025-05-09T15:37:00-04:00,Filler_1,705,72.2,38.4
2025-05-09T15:38:00-04:00,Filler_1,705,74.7,38.3
2025-05-09T15:39:00-04:00,Filler_1,705,67.2,38.4
2025-05-09T15:40:00-04:00,Filler_1,705,71,38.6
2025-05-09T15:41:00-04:00,Filler_1,705,70.3,38.6
2025-05-09T15:42:00-04:00,Filler_1,705,69.9,38.6
2025-05-09T15:43:00-04:00,Filler_1,705,69.5,38.5
2025-05-09T15:44:00-04:00,Filler_1,705,69,38.5
2025-05-09T15:45:00-04:00,Filler_1,705,68.7,38.5
2025-05-09T15:46:00-04:00,Filler_1,705,68.5,38.3
2025-05-09T15:47:00-04:00,Filler_1,705,70.5,38.5
2025-05-09T15:48:00-04:00,Filler_1,705,76.8,38.7
2025-05-09T15:49:00-04:00,Filler_1,705,73.7,39
2025-05-09T15:50:00-04:00,Filler_1,705,74.1,38.7
2025-05-09T15:51:00-04:00,Filler_1,705,77.8,39
2025-05-09T15:52:00-04:00,Filler_1,705,73.5,39
2025-05-09T15:53:00-04:00,Filler_1,705,72.4,38.9
2025-05-09T15:54:00-04:00,Filler_1,705,71.5,38.9
2025-05-09T15:55:00-04:00,Filler_1,705,70.9,38.7
2025-05-09T15:56:00-04:00,Filler_1,705,70.5,38.6
2025-05-09T15:57:00-04:00,Filler_1,705,70,38.5
2025-05-09T15:58:00-04:00,Filler_1,705,69.6,38.6
2025-05-09T15:59:00-04:00,Filler_1,705,69.3,38.5
2025-05-09T16:00:00-04:00,Filler_1,705,69.4,38.5
2025-05-09T16:01:00-04:00,Filler_1,705,68.9,38.5
2025-05-09T16:02:00-04:00,Filler_1,705,68.7,38.3
2025-05-09T16:03:00-04:00,Filler_1,705,68.5,38.5
2025-05-09T16:04:00-04:00,Filler_1,705,68.3,38.4
2025-05-09T16:05:00-04:00,Filler_1,705,68.5,38.6
2025-05-09T16:06:00-04:00,Filler_1,705,70.5,38.7
2025-05-09T16:07:00-04:00,Filler_1,705,69.3,38.6
2025-05-09T16:08:00-04:00,Filler_1,705,72.3,38.7
2025-05-09T16:09:00-04:00,Filler_1,705,75.8,38.8
2025-05-09T16:10:00-04:00,Filler_1,705,75.8,39
2025-05-09T16:11:00-04:00,Filler_1,705,75.4,39.3
2025-05-09T16:12:00-04:00,Filler_1,705,76,39.6
2025-05-09T16:13:00-04:00,Filler_1,705,75.5,39.9
2025-05-09T16:14:00-04:00,Filler_1,705,76.2,40.1
2025-05-09T16:15:00-04:00,Filler_1,705,78.7,40.3
2025-05-09T16:16:00-04:00,Filler_1,705,76.6,40.7
2025-05-09T16:17:00-04:00,Filler_1,705,76.1,40.9
2025-05-09T16:18:00-04:00,Filler_1,705,75.8,41
2025-05-09T16:19:00-04:00,Filler_1,705,76.7,41.3
2025-05-09T16:20:00-04:00,Filler_1,705,76.1,41.5
2025-05-09T16:21:00-04:00,Filler_1,705,76,41.9
2025-05-09T16:22:00-04:00,Filler_1,705,75.2,42.5
2025-05-09T16:23:00-04:00,Filler_1,705,75.8,40.1
2025-05-09T16:24:00-04:00,Filler_1,705,76.4,39.8
2025-05-09T16:25:00-04:00,Filler_1,705,69.9,39.5
2025-05-09T16:26:00-04:00,Filler_1,705,70.7,39.2
2025-05-09T16:27:00-04:00,Filler_1,705,70.6,38.9
2025-05-09T16:28:00-04:00,Filler_1,705,69.8,38.7
2025-05-09T16:29:00-04:00,Filler_1,705,69.5,38.5
2025-05-09T16:30:00-04:00,Filler_1,705,69,38.5
2025-05-09T16:31:00-04:00,Filler_1,705,68.7,38.5
2025-05-09T16:32:00-04:00,Filler_1,705,68.6,38.3
2025-05-09T16:33:00-04:00,Filler_1,705,72.1,38.5
2025-05-09T16:34:00-04:00,Filler_1,705,71.8,38.6
2025-05-09T16:35:00-04:00,Filler_1,705,73.5,38.5
2025-05-09T16:36:00-04:00,Filler_1,705,69.5,38.7
2025-05-09T16:37:00-04:00,Filler_1,705,69.3,38.7
2025-05-09T16:38:00-04:00,Filler_1,705,69,38.6
2025-05-09T16:39:00-04:00,Filler_1,705,68.7,38.6
2025-05-09T16:40:00-04:00,Filler_1,705,68.3,38.7
2025-05-09T16:41:00-04:00,Filler_1,705,68.2,38.5
2025-05-09T16:42:00-04:00,Filler_1,705,67.9,38.5
2025-05-09T16:43:00-04:00,Filler_1,705,68,38.4
2025-05-09T16:44:00-04:00,Filler_1,705,67.9,38.3
2025-05-09T16:45:00-04:00,Filler_1,705,67.6,38.4
2025-05-09T16:46:00-04:00,Filler_1,705,69,38.4
2025-05-09T16:47:00-04:00,Filler_1,705,68.6,38.4
2025-05-09T16:48:00-04:00,Filler_1,705,68,38.4
2025-05-09T16:49:00-04:00,Filler_1,705,68.2,38.3
2025-05-09T16:50:00-04:00,Filler_1,705,67.9,38.3
2025-05-09T16:51:00-04:00,Filler_1,705,67.9,38.5
2025-05-09T16:52:00-04:00,Filler_1,705,75.8,38.6
2025-05-09T16:53:00-04:00,Filler_1,705,68.8,38.6
2025-05-09T16:54:00-04:00,Filler_1,705,68.5,38.6
2025-05-09T16:55:00-04:00,Filler_1,705,68.2,38.6
2025-05-09T16:56:00-04:00,Filler_1,705,67.9,38.5
2025-05-09T16:57:00-04:00,Filler_1,705,67.4,38.3
2025-05-09T16:58:00-04:00,Filler_1,705,77.6,38.4
2025-05-09T16:59:00-04:00,Filler_1,705,73,38.5
2025-05-09T17:00:00-04:00,Filler_1,705,70.5,38.6
2025-05-09T17:01:00-04:00,Filler_1,705,70,38.6
2025-05-09T17:02:00-04:00,Filler_1,705,69.6,38.6
2025-05-09T17:03:00-04:00,Filler_1,705,69,38.5
2025-05-09T17:04:00-04:00,Filler_1,705,69,38.5
2025-05-09T17:05:00-04:00,Filler_1,705,68.7,38.3
2025-05-09T17:06:00-04:00,Filler_1,705,75.9,38.6
2025-05-09T17:07:00-04:00,Filler_1,705,70.5,38.5
2025-05-09T17:08:00-04:00,Filler_1,705,70.5,38.6
2025-05-09T17:09:00-04:00,Filler_1,705,69.8,38.6
2025-05-09T17:10:00-04:00,Filler_1,705,69.3,38.5
2025-05-09T17:11:00-04:00,Filler_1,705,73.7,38.6
2025-05-09T17:12:00-04:00,Filler_1,705,75.1,38.8
2025-05-09T17:13:00-04:00,Filler_1,705,71.1,38.5
2025-05-09T17:14:00-04:00,Filler_1,705,73.1,38.9
2025-05-09T17:15:00-04:00,Filler_1,705,74.5,39
2025-05-09T17:16:00-04:00,Filler_1,705,75.5,39
2025-05-09T17:17:00-04:00,Filler_1,705,75.1,39.1
2025-05-09T17:18:00-04:00,Filler_1,705,75.3,39
2025-05-09T17:19:00-04:00,Filler_1,705,73.7,39.1
2025-05-09T17:20:00-04:00,Filler_1,705,76,39.2
2025-05-09T17:21:00-04:00,Filler_1,705,70.3,39
2025-05-09T17:22:00-04:00,Filler_1,705,71.2,38.9
2025-05-09T17:23:00-04:00,Filler_1,705,75.2,38.9
2025-05-09T17:24:00-04:00,Filler_1,705,70.8,38.6
2025-05-09T17:25:00-04:00,Filler_1,705,70.5,38.7
2025-05-09T17:26:00-04:00,Filler_1,705,70,38.6
2025-05-09T17:27:00-04:00,Filler_1,705,69.8,38.6
2025-05-09T17:28:00-04:00,Filler_1,705,69.4,38.4
2025-05-09T17:29:00-04:00,Filler_1,705,69,38.4
2025-05-09T17:30:00-04:00,Filler_1,705,68.6,38.5
2025-05-09T17:31:00-04:00,Filler_1,705,68.5,38.3
2025-05-09T17:32:00-04:00,Filler_1,705,68.3,38.3
2025-05-09T17:33:00-04:00,Filler_1,705,68,38.4
2025-05-09T17:34:00-04:00,Filler_1,705,67.9,38.2
2025-05-09T17:35:00-04:00,Filler_1,705,68.9,38.3
2025-05-09T17:36:00-04:00,Filler_1,705,73.2,38.6
2025-05-09T17:37:00-04:00,Filler_1,705,76.7,38.7
2025-05-09T17:38:00-04:00,Filler_1,705,75.5,39.1
2025-05-09T17:39:00-04:00,Filler_1,705,76.3,39.3
2025-05-09T17:40:00-04:00,Filler_1,705,75.4,39.5
2025-05-09T17:41:00-04:00,Filler_1,705,71.3,38.9
2025-05-09T17:42:00-04:00,Filler_1,705,70.2,38.7
2025-05-09T17:43:00-04:00,Filler_1,705,69.9,38.6
2025-05-09T17:44:00-04:00,Filler_1,705,74.6,38.6
2025-05-09T17:45:00-04:00,Filler_1,705,71.2,38.6
2025-05-09T17:46:00-04:00,Filler_1,705,70.8,38.6
2025-05-09T17:47:00-04:00,Filler_1,705,70.3,38.5
2025-05-09T17:48:00-04:00,Filler_1,705,69.9,38.6
2025-05-09T17:49:00-04:00,Filler_1,705,69.8,38.6
2025-05-09T17:50:00-04:00,Filler_1,705,69.2,38.8
2025-05-09T17:51:00-04:00,Filler_1,705,72.4,38.7
2025-05-09T17:52:00-04:00,Filler_1,705,71.8,38.6
2025-05-09T17:53:00-04:00,Filler_1,705,69.7,38.9
2025-05-09T17:54:00-04:00,Filler_1,705,69.3,38.6
2025-05-09T17:55:00-04:00,Filler_1,705,69,38.5
2025-05-09T17:56:00-04:00,Filler_1,300,75.7,38.8
2025-05-09T17:57:00-04:00,Filler_1,0,70.3,38.9
2025-05-09T17:58:00-04:00,Filler_1,0,70.7,38.8
2025-05-09T17:59:00-04:00,Filler_1,0,75.1,39
2025-05-09T18:00:00-04:00,Filler_1,0,25.4,39.8
2025-05-09T18:01:00-04:00,Filler_1,0,7,39.5
2025-05-09T18:02:00-04:00,Filler_1,0,7,38.2
2025-05-09T18:03:00-04:00,Filler_1,0,7,38.5
2025-05-09T18:04:00-04:00,Filler_1,0,7,38.6
2025-05-09T18:05:00-04:00,Filler_1,0,7,38.8
2025-05-09T18:06:00-04:00,Filler_1,0,7,40.2
2025-05-09T18:07:00-04:00,Filler_1,0,7,40.6
2025-05-09T18:08:00-04:00,Filler_1,0,7,41.1
2025-05-09T18:09:00-04:00,Filler_1,0,7,41.3
2025-05-09T18:10:00-04:00,Filler_1,0,7,41.5
2025-05-09T18:11:00-04:00,Filler_1,0,7,41.8
2025-05-09T18:12:00-04:00,Filler_1,0,7,42.2
2025-05-09T18:13:00-04:00,Filler_1,0,22.4,45.4
2025-05-09T18:14:00-04:00,Filler_1,0,29.3,46.1
2025-05-09T18:15:00-04:00,Filler_1,0,62,47.3
2025-05-09T18:16:00-04:00,Filler_1,0,65.1,41
2025-05-09T18:17:00-04:00,Filler_1,0,67.3,41.1
2025-05-09T18:18:00-04:00,Filler_1,0,67.6,41.5
2025-05-09T18:19:00-04:00,Filler_1,0,67,41.5
2025-05-09T18:20:00-04:00,Filler_1,0,66.6,41.6
2025-05-09T18:21:00-04:00,Filler_1,0,66.1,41.8
2025-05-09T18:22:00-04:00,Filler_1,0,65.7,42
2025-05-09T18:23:00-04:00,Filler_1,0,66.1,42.3
2025-05-09T18:24:00-04:00,Filler_1,0,66.6,42.5
2025-05-09T18:25:00-04:00,Filler_1,0,66.2,42.6
2025-05-09T18:26:00-04:00,Filler_1,0,65.9,42.8
2025-05-09T18:27:00-04:00,Filler_1,0,70.2,43.4
2025-05-09T18:28:00-04:00,Filler_1,0,71.2,40.5
2025-05-09T18:29:00-04:00,Filler_1,0,75,40.4
2025-05-09T18:30:00-04:00,Filler_1,0,76.6,40.5
2025-05-09T18:31:00-04:00,Filler_1,0,76,40.7
2025-05-09T18:32:00-04:00,Filler_1,0,73.8,40.5
2025-05-09T18:33:00-04:00,Filler_1,0,71.6,39.7
2025-05-09T18:34:00-04:00,Filler_1,0,73.8,39.4
2025-05-09T18:35:00-04:00,Filler_1,0,76.8,39.6
2025-05-09T18:36:00-04:00,Filler_1,0,76,40
2025-05-09T18:37:00-04:00,Filler_1,321,75.1,40.4
2025-05-09T18:38:00-04:00,Filler_1,705,72.9,39.4
2025-05-09T18:39:00-04:00,Filler_1,705,72.9,39.3
2025-05-09T18:40:00-04:00,Filler_1,705,72.4,39.2
2025-05-09T18:41:00-04:00,Filler_1,705,72.1,39
2025-05-09T18:42:00-04:00,Filler_1,705,71.9,39
2025-05-09T18:43:00-04:00,Filler_1,705,71.6,39.1
2025-05-09T18:44:00-04:00,Filler_1,705,71.2,39
2025-05-09T18:45:00-04:00,Filler_1,705,70.9,38.8
2025-05-09T18:46:00-04:00,Filler_1,705,71.3,38.9
2025-05-09T18:47:00-04:00,Filler_1,705,71.6,39
2025-05-09T18:48:00-04:00,Filler_1,705,71.2,38.9
2025-05-09T18:49:00-04:00,Filler_1,705,70.9,38.9
2025-05-09T18:50:00-04:00,Filler_1,300,76.3,39
2025-05-09T18:51:00-04:00,Filler_1,705,73.3,38.9
2025-05-09T18:52:00-04:00,Filler_1,705,72.6,39
2025-05-09T18:53:00-04:00,Filler_1,705,72.3,39.1
2025-05-09T18:54:00-04:00,Filler_1,705,71.9,39
2025-05-09T18:55:00-04:00,Filler_1,705,71.7,39
2025-05-09T18:56:00-04:00,Filler_1,705,71.3,39.1
2025-05-09T18:57:00-04:00,Filler_1,705,70.9,39
2025-05-09T18:58:00-04:00,Filler_1,705,71.3,39
2025-05-09T18:59:00-04:00,Filler_1,705,71.5,39
2025-05-09T19:00:00-04:00,Filler_1,705,71.2,38.9
2025-05-09T19:01:00-04:00,Filler_1,705,70.8,39
2025-05-09T19:02:00-04:00,Filler_1,705,71.6,39
2025-05-09T19:03:00-04:00,Filler_1,705,71.6,38.9
2025-05-09T19:04:00-04:00,Filler_1,705,71.2,38.9
2025-05-09T19:05:00-04:00,Filler_1,705,70.9,39
2025-05-09T19:06:00-04:00,Filler_1,705,71.3,38.9
2025-05-09T19:07:00-04:00,Filler_1,705,71.5,39.1
2025-05-09T19:08:00-04:00,Filler_1,705,74.2,39.1
2025-05-09T19:09:00-04:00,Filler_1,705,75.2,39.4
2025-05-09T19:10:00-04:00,Filler_1,705,71.8,39.3
2025-05-09T19:11:00-04:00,Filler_1,705,72.5,39.2
2025-05-09T19:12:00-04:00,Filler_1,705,72.4,39.2
2025-05-09T19:13:00-04:00,Filler_1,705,71.9,39.3
2025-05-09T19:14:00-04:00,Filler_1,705,71.5,39.1
2025-05-09T19:15:00-04:00,Filler_1,705,71.2,39
2025-05-09T19:16:00-04:00,Filler_1,705,70.9,39
2025-05-09T19:17:00-04:00,Filler_1,705,71.3,39
2025-05-09T19:18:00-04:00,Filler_1,705,72.5,39
2025-05-09T19:19:00-04:00,Filler_1,705,71.9,39
2025-05-09T19:20:00-04:00,Filler_1,705,78.1,39.1
2025-05-09T19:21:00-04:00,Filler_1,705,74.8,39.3
2025-05-09T19:22:00-04:00,Filler_1,705,72.9,39.1
2025-05-09T19:23:00-04:00,Filler_1,705,72.5,39.4
2025-05-09T19:24:00-04:00,Filler_1,705,72.1,39.4
2025-05-09T19:25:00-04:00,Filler_1,705,71.9,39.2
2025-05-09T19:26:00-04:00,Filler_1,705,71.6,39.1
2025-05-09T19:27:00-04:00,Filler_1,705,71.2,38.9
2025-05-09T19:28:00-04:00,Filler_1,705,70.6,38.8
2025-05-09T19:29:00-04:00,Filler_1,705,71.2,38.9
2025-05-09T19:30:00-04:00,Filler_1,705,71.5,38.9
2025-05-09T19:31:00-04:00,Filler_1,705,71.3,38.8
2025-05-09T19:32:00-04:00,Filler_1,705,70.8,38.9
2025-05-09T19:33:00-04:00,Filler_1,705,70.5,38.9
2025-05-09T19:34:00-04:00,Filler_1,705,71.6,38.8
2025-05-09T19:35:00-04:00,Filler_1,705,71.2,38.9
2025-05-09T19:36:00-04:00,Filler_1,705,70.8,38.7
2025-05-09T19:37:00-04:00,Filler_1,705,70.5,38.8
2025-05-09T19:38:00-04:00,Filler_1,705,71.6,38.8
2025-05-09T19:39:00-04:00,Filler_1,705,71.3,38.8
2025-05-09T19:40:00-04:00,Filler_1,705,70.6,38.9
2025-05-09T19:41:00-04:00,Filler_1,705,70.6,39
2025-05-09T19:42:00-04:00,Filler_1,705,71.6,39.2
2025-05-09T19:43:00-04:00,Filler_1,705,71.1,38.9
2025-05-09T19:44:00-04:00,Filler_1,705,70.8,39
2025-05-09T19:45:00-04:00,Filler_1,705,70.4,39
2025-05-09T19:46:00-04:00,Filler_1,705,71.6,38.7
2025-05-09T19:47:00-04:00,Filler_1,705,71.1,38.7
2025-05-09T19:48:00-04:00,Filler_1,705,70.5,38.7
2025-05-09T19:49:00-04:00,Filler_1,705,70.5,38.7
2025-05-09T19:50:00-04:00,Filler_1,705,71.5,38.9
2025-05-09T19:51:00-04:00,Filler_1,705,71.1,38.9
2025-05-09T19:52:00-04:00,Filler_1,705,70.8,38.8
2025-05-09T19:53:00-04:00,Filler_1,705,72.1,38.9
2025-05-09T19:54:00-04:00,Filler_1,705,72.9,38.9
2025-05-09T19:55:00-04:00,Filler_1,705,72.2,38.7
2025-05-09T19:56:00-04:00,Filler_1,705,72,39.1
2025-05-09T19:57:00-04:00,Filler_1,705,71.8,39
2025-05-09T19:58:00-04:00,Filler_1,705,71.1,39
2025-05-09T19:59:00-04:00,Filler_1,705,70.6,39
2025-05-09T20:00:00-04:00,Filler_1,705,70.6,39
2025-05-09T20:01:00-04:00,Filler_1,705,71.3,39
2025-05-09T20:02:00-04:00,Filler_1,705,70.9,38.9
2025-05-09T20:03:00-04:00,Filler_1,705,70.6,38.8
2025-05-09T20:04:00-04:00,Filler_1,705,71.4,38.7
2025-05-09T20:05:00-04:00,Filler_1,705,71.3,38.8
2025-05-09T20:06:00-04:00,Filler_1,705,70.8,38.7
2025-05-09T20:07:00-04:00,Filler_1,705,77,38.9
2025-05-09T20:08:00-04:00,Filler_1,705,75.2,39
2025-05-09T20:09:00-04:00,Filler_1,705,73.6,39
2025-05-09T20:10:00-04:00,Filler_1,705,72.9,39.1
2025-05-09T20:11:00-04:00,Filler_1,705,72.3,39.2
2025-05-09T20:12:00-04:00,Filler_1,705,71.8,38.9
2025-05-09T20:13:00-04:00,Filler_1,705,71.6,38.9
2025-05-09T20:14:00-04:00,Filler_1,705,73.7,39
2025-05-09T20:15:00-04:00,Filler_1,705,72.8,38.8
2025-05-09T20:16:00-04:00,Filler_1,705,72.9,39.3
2025-05-09T20:17:00-04:00,Filler_1,705,68.5,39.4
2025-05-09T20:18:00-04:00,Filler_1,705,73.4,39.4
2025-05-09T20:19:00-04:00,Filler_1,705,72.5,39.1
2025-05-09T20:20:00-04:00,Filler_1,705,72.2,38.9
2025-05-09T20:21:00-04:00,Filler_1,705,77.7,39
2025-05-09T20:22:00-04:00,Filler_1,705,76,39.4
2025-05-09T20:23:00-04:00,Filler_1,705,76.3,39.6
2025-05-09T20:24:00-04:00,Filler_1,705,74.1,39.4
2025-05-09T20:25:00-04:00,Filler_1,705,72.9,39.3
2025-05-09T20:26:00-04:00,Filler_1,705,72.5,39
2025-05-09T20:27:00-04:00,Filler_1,705,72.4,39
2025-05-09T20:28:00-04:00,Filler_1,705,71.9,39
2025-05-09T20:29:00-04:00,Filler_1,705,71.3,39
2025-05-09T20:30:00-04:00,Filler_1,705,71,39
2025-05-09T20:31:00-04:00,Filler_1,705,70.8,38.9
2025-05-09T20:32:00-04:00,Filler_1,705,72.1,38.8
2025-05-09T20:33:00-04:00,Filler_1,705,71.3,38.8
2025-05-09T20:34:00-04:00,Filler_1,705,71.1,38.8
2025-05-09T20:35:00-04:00,Filler_1,705,70.7,38.8
2025-05-09T20:36:00-04:00,Filler_1,705,71.5,38.9
2025-05-09T20:37:00-04:00,Filler_1,705,71.6,38.8
2025-05-09T20:38:00-04:00,Filler_1,705,71.2,38.8
2025-05-09T20:39:00-04:00,Filler_1,705,70.9,39
2025-05-09T20:40:00-04:00,Filler_1,705,71.9,39
2025-05-09T20:41:00-04:00,Filler_1,705,71.5,38.9
2025-05-09T20:42:00-04:00,Filler_1,705,71.2,39
2025-05-09T20:43:00-04:00,Filler_1,705,73.8,39
2025-05-09T20:44:00-04:00,Filler_1,705,75.2,39.2
2025-05-09T20:45:00-04:00,Filler_1,705,72.5,39
2025-05-09T20:46:00-04:00,Filler_1,705,71.5,39.1
2025-05-09T20:47:00-04:00,Filler_1,705,71.3,39
2025-05-09T20:48:00-04:00,Filler_1,705,71.1,38.9
2025-05-09T20:49:00-04:00,Filler_1,705,70.6,38.9
2025-05-09T20:50:00-04:00,Filler_1,705,71.6,38.9
2025-05-09T20:51:00-04:00,Filler_1,705,71.3,38.8
2025-05-09T20:52:00-04:00,Filler_1,705,71.1,38.8
2025-05-09T20:53:00-04:00,Filler_1,705,70.9,38.8
2025-05-09T20:54:00-04:00,Filler_1,705,71.2,39
2025-05-09T20:55:00-04:00,Filler_1,705,76,39
2025-05-09T20:56:00-04:00,Filler_1,705,72.6,39
2025-05-09T20:57:00-04:00,Filler_1,705,71.8,39
2025-05-09T20:58:00-04:00,Filler_1,705,71.3,39
2025-05-09T20:59:00-04:00,Filler_1,705,71.2,39
2025-05-09T21:00:00-04:00,Filler_1,705,71.5,39
2025-05-09T21:01:00-04:00,Filler_1,705,71.9,38.9
2025-05-09T21:02:00-04:00,Filler_1,705,75.8,39.1
2025-05-09T21:03:00-04:00,Filler_1,705,75.8,39.3
2025-05-09T21:04:00-04:00,Filler_1,705,75.4,39.6
2025-05-09T21:05:00-04:00,Filler_1,705,76.1,40
2025-05-09T21:06:00-04:00,Filler_1,705,75.8,40.1
2025-05-09T21:07:00-04:00,Filler_1,705,75.4,40.5
2025-05-09T21:08:00-04:00,Filler_1,705,76.3,41
2025-05-09T21:09:00-04:00,Filler_1,705,77.3,40.9
2025-05-09T21:10:00-04:00,Filler_1,705,77.6,41.2
2025-05-09T21:11:00-04:00,Filler_1,705,77.3,41.4
2025-05-09T21:12:00-04:00,Filler_1,705,76.8,41.6
2025-05-09T21:13:00-04:00,Filler_1,705,76.4,41.9
2025-05-09T21:14:00-04:00,Filler_1,705,76,42.1
2025-05-09T21:15:00-04:00,Filler_1,705,75.5,42.4
2025-05-09T21:16:00-04:00,Filler_1,705,76.5,42.5
2025-05-09T21:17:00-04:00,Filler_1,705,75.4,40.6
2025-05-09T21:18:00-04:00,Filler_1,705,72.1,39.9
2025-05-09T21:19:00-04:00,Filler_1,705,71.5,39.4
2025-05-09T21:20:00-04:00,Filler_1,705,71.2,39.1
2025-05-09T21:21:00-04:00,Filler_1,705,70.9,38.9
2025-05-09T21:22:00-04:00,Filler_1,705,70.8,38.8
2025-05-09T21:23:00-04:00,Filler_1,705,71.7,38.8
2025-05-09T21:24:00-04:00,Filler_1,705,71.2,38.8
2025-05-09T21:25:00-04:00,Filler_1,705,71.6,38.9
2025-05-09T21:26:00-04:00,Filler_1,705,73.1,39
2025-05-09T21:27:00-04:00,Filler_1,705,77.1,38.8
2025-05-09T21:28:00-04:00,Filler_1,705,71.9,39.2
2025-05-09T21:29:00-04:00,Filler_1,705,72.1,39.4
2025-05-09T21:30:00-04:00,Filler_1,705,71.6,39.4
2025-05-09T21:31:00-04:00,Filler_1,705,71.1,39
2025-05-09T21:32:00-04:00,Filler_1,705,71.7,38.9
2025-05-09T21:33:00-04:00,Filler_1,705,72.8,39
2025-05-09T21:34:00-04:00,Filler_1,705,72.4,39
2025-05-09T21:35:00-04:00,Filler_1,705,71.9,38.9
2025-05-09T21:36:00-04:00,Filler_1,705,71.4,39
2025-05-09T21:37:00-04:00,Filler_1,705,78,39
2025-05-09T21:38:00-04:00,Filler_1,705,71.8,39.1
2025-05-09T21:39:00-04:00,Filler_1,705,73.5,39
2025-05-09T21:40:00-04:00,Filler_1,705,72.8,39.1
2025-05-09T21:41:00-04:00,Filler_1,705,72.6,39.1
2025-05-09T21:42:00-04:00,Filler_1,705,72.1,39
2025-05-09T21:43:00-04:00,Filler_1,705,70.6,38.9
2025-05-09T21:44:00-04:00,Filler_1,705,73.7,38.9
2025-05-09T21:45:00-04:00,Filler_1,705,50.8,39.8
2025-05-09T21:46:00-04:00,Filler_1,300,16,40.5
2025-05-09T21:47:00-04:00,Filler_1,0,7,38.5
2025-05-09T21:48:00-04:00,Filler_1,0,7,38.1
2025-05-09T21:49:00-04:00,Filler_1,0,7,38
2025-05-09T21:50:00-04:00,Filler_1,0,7,38.3
2025-05-09T21:51:00-04:00,Filler_1,0,7,40
2025-05-09T21:52:00-04:00,Filler_1,0,7,41
2025-05-09T21:53:00-04:00,Filler_1,0,7,41.5
2025-05-09T21:54:00-04:00,Filler_1,0,7,41.5
2025-05-09T21:55:00-04:00,Filler_1,0,7,41.7
2025-05-09T21:56:00-04:00,Filler_1,0,7,42
2025-05-09T21:57:00-04:00,Filler_1,0,7,42.3
2025-05-09T21:58:00-04:00,Filler_1,0,7,42.5
2025-05-09T21:59:00-04:00,Filler_1,0,7,42.7
2025-05-09T22:00:00-04:00,Filler_1,0,7,43
2025-05-09T22:01:00-04:00,Filler_1,0,7,43.3
2025-05-09T22:02:00-04:00,Filler_1,0,7,43.5
2025-05-09T22:03:00-04:00,Filler_1,0,7,43.8
2025-05-09T22:04:00-04:00,Filler_1,0,7,44
2025-05-09T22:05:00-04:00,Filler_1,0,7,44.3
2025-05-09T22:06:00-04:00,Filler_1,0,7,44.6
2025-05-09T22:07:00-04:00,Filler_1,0,7,44.9
2025-05-09T22:08:00-04:00,Filler_1,0,7,45.1
2025-05-09T22:09:00-04:00,Filler_1,0,7,45.4
2025-05-09T22:10:00-04:00,Filler_1,0,7,45.6
2025-05-09T22:11:00-04:00,Filler_1,0,7,45.9
2025-05-09T22:12:00-04:00,Filler_1,0,7,46.1
2025-05-09T22:13:00-04:00,Filler_1,502.5,26.7,49.3
2025-05-09T22:14:00-04:00,Filler_1,700,44.7,51.7
2025-05-09T22:15:00-04:00,Filler_1,700,63.3,45.1
2025-05-09T22:16:00-04:00,Filler_1,700,67.5,42.3
2025-05-09T22:17:00-04:00,Filler_1,700,67,42.9
2025-05-09T22:18:00-04:00,Filler_1,700,66.5,43.1
2025-05-09T22:19:00-04:00,Filler_1,700,66,43.6
2025-05-09T22:20:00-04:00,Filler_1,700,68.9,43.9
2025-05-09T22:21:00-04:00,Filler_1,700,69.7,42.9
2025-05-09T22:22:00-04:00,Filler_1,705,73.2,40.3
2025-05-09T22:23:00-04:00,Filler_1,705,72.8,39.9
2025-05-09T22:24:00-04:00,Filler_1,705,72.1,39.3
2025-05-09T22:25:00-04:00,Filler_1,705,71.8,39.1
2025-05-09T22:26:00-04:00,Filler_1,705,71.9,39
2025-05-09T22:27:00-04:00,Filler_1,705,72.4,39
2025-05-09T22:28:00-04:00,Filler_1,705,72.2,39
2025-05-09T22:29:00-04:00,Filler_1,705,72,39
2025-05-09T22:30:00-04:00,Filler_1,705,71.8,38.9
2025-05-09T22:31:00-04:00,Filler_1,705,71.5,39
2025-05-09T22:32:00-04:00,Filler_1,705,71.2,39
2025-05-09T22:33:00-04:00,Filler_1,705,71,39
2025-05-09T22:34:00-04:00,Filler_1,705,72.1,39.1
2025-05-09T22:35:00-04:00,Filler_1,705,71.9,39
2025-05-09T22:36:00-04:00,Filler_1,705,75,39
2025-05-09T22:37:00-04:00,Filler_1,705,74.5,39.3
2025-05-09T22:38:00-04:00,Filler_1,705,72.6,39.1
2025-05-09T22:39:00-04:00,Filler_1,705,72.4,39.2
2025-05-09T22:40:00-04:00,Filler_1,705,71.9,39.1
2025-05-09T22:41:00-04:00,Filler_1,705,71.8,39
2025-05-09T22:42:00-04:00,Filler_1,705,71.6,39
2025-05-09T22:43:00-04:00,Filler_1,652,74.7,39
2025-05-09T22:44:00-04:00,Filler_1,652,76,39.2
2025-05-09T22:45:00-04:00,Filler_1,705,73.8,39
2025-05-09T22:46:00-04:00,Filler_1,705,72.4,39.1
2025-05-09T22:47:00-04:00,Filler_1,705,71.9,39.1
2025-05-09T22:48:00-04:00,Filler_1,705,71.6,39
2025-05-09T22:49:00-04:00,Filler_1,705,71.5,39
2025-05-09T22:50:00-04:00,Filler_1,705,71.2,39
2025-05-09T22:51:00-04:00,Filler_1,705,71.1,39
2025-05-09T22:52:00-04:00,Filler_1,705,70.9,39
2025-05-09T22:53:00-04:00,Filler_1,705,71.1,38.9
2025-05-09T22:54:00-04:00,Filler_1,705,72.1,38.8
2025-05-09T22:55:00-04:00,Filler_1,705,71.9,38.9
2025-05-09T22:56:00-04:00,Filler_1,705,74.1,39
2025-05-09T22:57:00-04:00,Filler_1,705,72.5,38.9
2025-05-09T22:58:00-04:00,Filler_1,705,72.4,38.9
2025-05-09T22:59:00-04:00,Filler_1,705,71.9,39
2025-05-09T23:00:00-04:00,Filler_1,0,7,43
2025-05-09T23:01:00-04:00,Filler_1,0,7,43.3
2025-05-09T23:02:00-04:00,Filler_1,0,7,43.5
2025-05-09T23:03:00-04:00,Filler_1,0,7,43.8
2025-05-09T23:04:00-04:00,Filler_1,0,7,44
2025-05-09T23:05:00-04:00,Filler_1,0,7,44.3
2025-05-09T23:06:00-04:00,Filler_1,0,7,44.6
2025-05-09T23:07:00-04:00,Filler_1,0,7,44.9
2025-05-09T23:08:00-04:00,Filler_1,0,7,45.1
2025-05-09T23:09:00-04:00,Filler_1,0,7,45.4
2025-05-09T23:10:00-04:00,Filler_1,0,7,45.6
2025-05-09T23:11:00-04:00,Filler_1,0,7,45.9
2025-05-09T23:12:00-04:00,Filler_1,0,7,46.1
2025-05-09T23:13:00-04:00,Filler_1,502.5,26.7,49.3
2025-05-09T23:14:00-04:00,Filler_1,700,44.7,51.7
2025-05-09T23:15:00-04:00,Filler_1,700,63.3,45.1
2025-05-09T23:16:00-04:00,Filler_1,700,67.5,42.3
2025-05-09T23:17:00-04:00,Filler_1,700,67,42.9
2025-05-09T23:18:00-04:00,Filler_1,700,66.5,43.1
2025-05-09T23:19:00-04:00,Filler_1,700,66,43.6
2025-05-09T23:20:00-04:00,Filler_1,700,68.9,43.9
2025-05-09T23:21:00-04:00,Filler_1,700,69.7,42.9
2025-05-09T23:22:00-04:00,Filler_1,705,73.2,40.3
2025-05-09T23:23:00-04:00,Filler_1,705,72.8,39.9
2025-05-09T23:24:00-04:00,Filler_1,705,72.1,39.3
2025-05-09T23:25:00-04:00,Filler_1,705,71.8,39.1
2025-05-09T23:26:00-04:00,Filler_1,705,71.9,39
2025-05-09T23:27:00-04:00,Filler_1,705,72.4,39
2025-05-09T23:28:00-04:00,Filler_1,705,72.2,39
2025-05-09T23:29:00-04:00,Filler_1,705,72,39
2025-05-09T23:30:00-04:00,Filler_1,705,71.8,38.9
2025-05-09T23:31:00-04:00,Filler_1,705,71.5,39
2025-05-09T23:32:00-04:00,Filler_1,705,71.2,39
2025-05-09T23:33:00-04:00,Filler_1,705,71,39
2025-05-09T23:34:00-04:00,Filler_1,705,72.1,39.1
2025-05-09T23:35:00-04:00,Filler_1,705,71.9,39
2025-05-09T23:36:00-04:00,Filler_1,705,75,39
2025-05-09T23:37:00-04:00,Filler_1,705,74.5,39.3
2025-05-09T23:38:00-04:00,Filler_1,705,72.6,39.1
2025-05-09T23:39:00-04:00,Filler_1,705,72.4,39.2
2025-05-09T23:40:00-04:00,Filler_1,705,71.9,39.1
2025-05-09T23:41:00-04:00,Filler_1,705,71.8,39
2025-05-09T23:42:00-04:00,Filler_1,705,71.6,39
2025-05-09T23:43:00-04:00,Filler_1,652,74.7,39
2025-05-09T23:44:00-04:00,Filler_1,652,76,39.2
2025-05-09T23:45:00-04:00,Filler_1,705,73.8,39
2025-05-09T23:46:00-04:00,Filler_1,705,72.4,39.1
2025-05-09T23:47:00-04:00,Filler_1,705,71.9,39.1
2025-05-09T23:48:00-04:00,Filler_1,705,71.6,39
2025-05-09T23:49:00-04:00,Filler_1,705,71.5,39
2025-05-09T23:50:00-04:00,Filler_1,705,71.2,39
2025-05-09T23:51:00-04:00,Filler_1,705,71.1,39
2025-05-09T23:52:00-04:00,Filler_1,705,70.9,39
2025-05-09T23:53:00-04:00,Filler_1,705,71.1,38.9
2025-05-09T23:54:00-04:00,Filler_1,705,72.1,38.8
2025-05-09T23:55:00-04:00,Filler_1,705,71.9,38.9
2025-05-09T23:56:00-04:00,Filler_1,705,74.1,39
2025-05-09T23:57:00-04:00,Filler_1,705,72.5,38.9
2025-05-09T23:58:00-04:00,Filler_1,705,72.4,38.9
2025-05-09T23:59:00-04:00,Filler_1,705,71.9,39
